p=25
a=5662
05662, 05663

a=7752
07752, 07753

a=00,3766
03766, 03767

a=01,3770
03770, 03771

a=04,3645
03645, 03646

p=26
a=05,3606
03606, 03607

a=06,3651
03651, 03652

a=07,3717
03717, 03720

a=10,3702
03702, 03703

a=11,3721
03721, 03722

p=27
a=12,3736
03735, 03736

a=13,3766
03766, 03767

a=14,3751
03751, 03752

a=16,3734
03734, 03735

a=17,3766
03766, 03767

p=28
a=20,3676
03676, 03677

a=21,3751
03751, 03752

a=22,3772
03772, 03773

a=23,3725
03705, 03706

p=29
a=25,3766
03766, 03767

a=26,3774
03774, 03775

a=27,3725
03725, 03726

a=30,3776
03776

p=30
a=31,3766
03766, 03767

a=32,3776
03776

a=33,3773
03773, 03774

a=35,3773
03773, 03774

a=36,3764
03764, 03765

p=31
a=37,3700
03700, 03701

a=40,3734
03734, 03735

a=41,3712
03712, 03713

a=42,3705
03705, 03706

a=43,3761
03761, 03762

p=32
a=07,2000
03674, 03725

a=24,2000
03431, 03672

a=34,2000
03431, 02426

a=37,2000
01231

p=126
a=4000
00004, 34054, 56006, 12511, 52011, 00006, 31311, 52006, 52011, 40030, 64731, 14065, 52011, 34055, 56006, 13613, 52011, 34057, 56006, 12103, 52011, 34056, 56006, 13636, 52011, 34060, 56006, 13331, 52011
p=127
34061, 56006, 12476, 52011, 34062, 56006, 15225, 12063, 02063, 16060, 16067, 12060, 56067, 04060, 14062, 04060, 00006, 65226, 00006, 31313, 52006

p=128
a=06,2000
54016, 00006, 22012, 11302, 12010, 12007, 12136, 34716, 54070, 55302

a=4072
04025, 10003, 14031, 20033, 24017, 30036, 34034, 40023, 44035, 50037, 54000, 60000

p=129
a=06,2012
11036, 02063, 02063, 57036, 74372, 55036, 64105, 00006, 01010, 02071
p=130
55016, 44714, 54073, 56776, 64713, 54776, 50776, 11023, 10776, 12030, 12047, 00012, 10073, 37764, 55016, 00002, 54073, 32037, 12031, 64712, 50776, 55023, 74372, 54073, 34364, 50776, 74072, 60073, 00006, 01010, 16706, 10101, 34714, 12132, 11016, 02024, 12132, 42173, 27302, 37700, 54027
p=131
31321, 00006, 06032, 74675, 00006, 12116, 23321, 00006, 06001, 55321, 74675, 10000, 12116, 34371, 05027, 03353, 60101
p=132
50070, 12120, 12130, 12765, 12174, 15222, 12130, 12765, 12174, 15222, 04633, 20000, 00006, 01010, 32141, 12074, 34675, 71302, 00006, 12167, 11016, 02024, 12154, 44675, 27302, 37700, 54027, 34702, 27302, 05222, 00006, 01010, 37700, 26027, 34702
p=133
27302, 11302, 05222, 37737, 02156, 05222, 00006, 01010, 34675, 12146, 22400
p=134
31320, 00006, 06030, 72743, 00006, 12231, 54070, 23320, 00006, 06001, 55320, 44712, 56070, 00006
p=135
62507, 12215, 64712, 24070, 60000, 54000, 12215, 56071, 50070, 34675, 71320, 50070, 02737, 10071, 12214
p=136
41320
p=137
74704, 10000, 12367, 34703, 71320, 10000, 12244, 34703, 27320, 12367, 42757, 71320, 55320, 74675, 10000, 12342, 41320, 74702, 10000, 12260, 05537, 00213, 02717, 32764, 05140, 02270, 14063, 12367, 32764, 05161, 44711, 71320, 57320, 74711, 00006, 12310
p=138
10000, 15213, 04574, 17441, 34674, 00006, 05012, 04633, 17070, 05410, 44722, 00006, 03012, 34700, 05161, 42754, 71320, 55320, 44705, 71321, 55321, 02665, 44674, 00006, 03012, 34740, 05140, 03056, 16063, 15213, 34707
p=139
00006, 02012, 10000, 12367, 34703, 70074, 10000, 12367, 02730, 04633, 17070, 34706, 00006, 05012, 05410, 34705, 05140, 02315, 14062, 12367
p=140
31321, 74763, 54001, 34763, 00006, 03033, 00006, 06001, 00006, 12427, 54070, 23321, 00006, 06001, 55321, 34714, 56070, 60000
p=141
12414, 64712, 24070, 60000, 54000, 12413, 56071, 50070, 34676, 71321, 50070, 02745, 10071, 12412
p=142
10034, 12434, 12460, 12434, 12460, 62505, 00006, 62457, 62506, 00006, 62455, 34707, 00006, 02012, 10000, 12455, 04633, 16746, 36211, 05140
p=143
02742, 16063, 34705, 12460, 34714, 61036, 74705, 00006, 15222, 71036, 10000, 12502, 34705, 71320, 10000, 15222, 41036, 74705, 64674, 57036, 72164, 27036, 15222, 32750, 15222, 12473, 63434, 75252
p=144
74672, 54071, 11320, 12520, 12520, 34707, 00006, 05011, 12227, 02750, 12227, 44707, 00006, 03011, 12227
p=145
34711, 71320, 10000, 12227, 34675, 71320, 00006, 12551, 34674, 00006, 02012, 00006, 12544, 12227, 34711, 27320, 05537, 00207, 12227
p=146
41320, 74704, 27320, 12227
p=147
10000, 12354, 42762, 00006, 03014, 42756, 00006, 03012, 44676, 00006, 03011, 02725, 04633, 16777, 44714, 54050, 54051, 54052, 54047, 42761, 00006, 03014
p=148
12227
p=149
00006, 12625, 41321, 74705, 27321, 04633, 16777, 42757, 70074, 5074, 40000, 74703, 10000, 12227, 05537, 00214, 12227, 34711, 71320, 10000, 12227, 12551
p=150
10000, 34701, 57320, 72763, 27320, 02665, 41320, 74712, 10000, 12425, 31320, 72760, 10000, 12425, 05537, 00212, 12425
p=151
10000, 12425, 05537, 01105, 12425, 10000, 12425, 05537, 01106, 12425
p=152
34720, 71320, 00006, 74701, 31320, 00006, 04001, 40000, 74762, 10000, 12710, 34712, 71321, 10000, 00002, 44712, 00006, 03011, 00002
p=153
22066, 05653, 34712, 00006, 05011, 00066, 47703, 00006, 03012, 34722, 00006, 05012, 41036, 72753, 27036, 41320, 72755, 27320, 41321, 74705, 27321, 00002
p=154
12526, 12665, 12665, 12555, 76400, 12604, 12632, 12653, 12660, 41321, 74712, 13065, 40010, 00054, 00075, 00272, 00300, 01720, 00740, 77000, 76777, 21450
p=155
31331, 00006, 06030, 74704, 54070, 10000, 03224, 11303, 1301, 1301, 1301, 15222, 31331, 00006, 06033, 74722, 26070, 23331, 00006, 06001, 55331, 40000, 74722, 00006, 13022, 74706, 10000, 03022, 37716, 55314, 11315, 03125, 03077, 03027
p=156
11314, 03047, 03037, 03057, 03154, 11317, 03153, 03157, 03057, 03154, 05537, 00116, 34717, 55316, 03070, 03154, 03057, 03115, 05537, 00116, 03070, 03112, 34702, 13064, 34712, 71331, 10000, 05222, 34710, 71331, 10000, 24002, 00002, 46211, 71331, 55331, 44712, 00006, 03012, 00002
p=157
11314, 03112, 03107, 11316, 03105, 03151, 03216, 03154, 11316, 55316, 03154, 34714, 55316, 55317, 03055, 03154, 34712, 55303, 34711, 00006, 05012, 03154, 11314, 03154, 03133, 34705, 55317, 03216, 11303, 03140, 03140, 03137, 03154
p=158
37716, 55303, 44711, 00006, 03012, 41331, 74702, 27331, 03154, 03216, 34705, 55317, 31314, 55315, 05222, 34712, 00006, 05012, 34112, 05140, 03172, 14062, 41331, 74712, 27331, 03154, 03210, 44712, 00006, 03012, 34112, 05161, 41331, 74701, 27331, 44716, 71331, 55331, 03224
p=159
05213, 34714, 54036, 55307, 43261, 54035, 00002, 34714, 55316, 41331, 76211, 27331, 00002
p=160
34704, 00006, 02030, 10000, 13252, 34711, 71331, 10000, 00002, 34703, 61036, 74703, 00006, 16711, 54001, 31036, 00006, 06001, 74672, 64674, 55036, 00002, 34712, 71321, 10000, 00002, 34703, 71036, 13240, 16037

p=161
a=10,2000

