0000047 (02,2047 or 4047): 13120 0  13122 1
0000253 (02,2253 or 4253): 61542 0  61552 1
0000265 (02,2265 or 4265): 61534 1  61544 0
0000313 (02,2313 or 4313): 03577 1  03607 0
0001751 (02,3751 or 5751): 31457 0  31460 1
0001755 (02,3755 or 5755): 31460 1  31461 0
0001766 (02,3766 or 5766): 31461 31462
0001775 (02,3775 or 5775): 54475 54440
0002003 (03,2003 or 6003): 03022 1  03002 0
0003765 (03,3765 or 7765): 43560 43600
0006023 (01,2023):         75404 75401
0006026 (01,2026):         03061 0  03071 1
0006030 (01,2030):         02605 02606
0006031 (01,2031):         75216 75215
0006034 (01,2034):         02570 1  02571 0
0006042 (01,2042):         02367 1  02365 0
0006045 (01,2045):         02227 1  02232 0
0006053 (01,2053):         75203 1  75211 1
0006056 (01,2056):         75400 1  75375 1
0006061 (01,2061):         75410 0  75405 1
0006067 (01,2067):         75217 1  75225 0
0006072 (01,2072):         75354 1  75351 1
0006075 (01,2075):         74241 0  74240 1
0006100 (01,2100):         03213 1  03206 0
0006106 (01,2106):         75400 1  75375 1
0006114 (01,2114):         75334 1  75331 1
0006141 (01,2141):         75310 1  02467 0
0006142 (01,2142):         11710 1  66067 0
0006155 (01,2155):         75044 0  75070 1
0006163 (01,2163):         03340 0  03333 1
0007566 (01,3566):         76567 1  55215 1
0010106 (04,2106):         27361 27362
0010117 (04,2117):         51055 0  51061 1
0010136 (04,2136):         75545 1  75546 1
0010140 (04,2140):         40262 0  40263 1
0010142 (04,2142):         40243 0  40244 1
0010334 (04,2334):         75420 0  75421 1
0010335 (04,2335):         75400 1  75373 1
0010336 (04,2336):         75262 0  75255 1
0010337 (04,2337):         75152 0  75133 1
0010351 (04,2351):         51112 1  51116 0
0010356 (04,2356):         77514 1  77507 0
0010502 (04,2502):         16015 1  16016 1
0010515 (04,2515):         03626 0  03636 1
0010551 (04,2551):         27013 0  27014 1
0010564 (04,2564):         27027 1  27030 1
0010631 (04,2631):         22277 22307
0011011 (04,3011):         23345 1  23355 0
0011032 (04,3032):         26630 0  26631 1
0011037 (04,3037):         26703 1  26704 0
0011045 (04,3045):         27376 0  27377 1
0011121 (04,3121):         02202 0  02212 1
0011320 (04,3320):         65021 1  75021 0
0011370 (04,3370):         27361 27362
0011634 (04,3634):         62664 1  12626 0
0012025 (05,2025):         03040 0  03041 1
0012053 (05,2053):         03236 0  03231 1
0012054 (05,2054):         03240 1  03233 0
0012055 (05,2055):         03016 0  03017 1
0012056 (05,2056):         03020 0  03021 1
0012127 (05,2127):         03040 0  03041 1
0012137 (05,2137):         03236 0  03231 1
0012140 (05,2140):         03240 1  03233 0
0012141 (05,2141):         03016 0  03017 1
0012142 (05,2142):         03020 0  03021 1
0012153 (05,2153):         03236 0  03231 1
0012154 (05,2154):         03240 1  03233 0
0012155 (05,2155):         03016 0  03017 1
0012156 (05,2156):         03020 0  03021 1
0012171 (05,2171):         07245 07240
0012210 (05,2210):         13367 1  13362 1
0012214 (05,2214):         03021 1  03022 1
0012245 (05,2245):         03375 03370
0012252 (05,2252):         13367 1  13362 1
0012256 (05,2256):         03040 0  03041 1
0012610 (05,2610):         02304 1  02305 0
0012701 (05,2701):         55636 1  55631 0
0012702 (05,2702):         55457 1  55460 0
0012703 (05,2703):         55460 0  55461 1
0012704 (05,2704):         55461 1  55462 1
0013035 (05,3035):         45026 1  35026 0
0013121 (05,3121):         03346 0  03336 1
0013426 (05,3426):         50122 0  60202 1
0014151 (06,2151):         05340 0  05330 1
0014161 (06,2161):         05340 0  05330 1
0014164 (06,2164):         05340 0  05330 1
0014254 (06,2254):         05651 05646
0014303 (06,2303):         15331 1  15321 0
0014313 (06,2313):         07722 1  05546 0
0014351 (06,2351):         15331 1  15321 0
0014373 (06,2373):         07722 1  05546 0
0014475 (06,2475):         15340 1  15330 0
0014504 (06,2504):         15340 1  15330 0
0014513 (06,2513):         15340 1  15330 0
0014515 (06,2515):         15340 1  15330 0
0014560 (06,2560):         05651 05646
0014642 (06,2642):         05651 05646
0014670 (06,2670):         05651 05646
0014675 (06,2675):         05651 05646
0014702 (06,2702):         05651 05646
0014732 (06,2732):         05741 05736
0015073 (06,3073):         05651 05646
0015152 (06,3152):         05340 0  05330 1
0015264 (06,3264):         15340 1  15330 0
0015266 (06,3266):         75013 1  75012 0
0015270 (06,3270):         15340 1  15330 0
0015276 (06,3276):         15340 1  15330 0
0015652 (06,3652):         05511 1  05501 0
0015714 (06,3714):         71266 76027
0016004 (07,2004):         05651 05646
0016027 (07,2027):         05716 1  05713 1
0016044 (07,2044):         05716 1  05713 1
0016111 (07,2111):         31052 1  31350 0
0016223 (07,2223):         76435 1  53435 0
0016272 (07,2272):         56001 0  41536 1
0016273 (07,2273):         61536 60001
0016275 (07,2275):         54050 0  54046 1
0016351 (07,2351):         05564 05561
0016352 (07,2352):         05651 05646
0016404 (07,2404):         05340 0  05330 1
0016407 (07,2407):         05651 05646
0016411 (07,2411):         05340 0  05330 1
0016440 (07,2440):         05651 05646
0016442 (07,2442):         05340 0  05330 1
0016474 (07,2474):         05651 05646
0016476 (07,2476):         05340 0  05330 1
0016477 (07,2477):         05651 05646
0016501 (07,2501):         05340 0  05330 1
0016506 (07,2506):         05651 05646
0016510 (07,2510):         05340 0  05330 1
0016605 (07,2605):         05340 0  05330 1
0016627 (07,2627):         05651 05646
0016640 (07,2640):         75746 75743
0016651 (07,2651):         07722 1  05546 0
0016662 (07,2662):         05651 05646
0016667 (07,2667):         15331 1  15321 0
0016670 (07,2670):         07722 1  05546 0
0016677 (07,2677):         15331 1  15321 0
0016700 (07,2700):         45746 45743
0017024 (07,3024):         05651 05646
0017054 (07,3054):         05331 0  05321 1
0017146 (07,3146):         15331 1  15321 0
0017153 (07,3153):         15331 1  15321 0
0017164 (07,3164):         15331 1  15321 0
0017166 (07,3166):         15331 1  15321 0
0017230 (07,3230):         05651 05646
0017460 (07,3460):         15331 1  15321 0
0017614 (07,3614):         15331 1  15321 0
0017620 (07,3620):         15331 1  15321 0
0017650 (07,3650):         05716 1  05713 1
0017661 (07,3661):         05716 1  05713 1
0017703 (07,3703):         12044 1  17377 1
0020057 (10,2057):         10765 1  10762 0
0020062 (10,2062):         10757 10754
0020077 (10,2077):         73502 1  73505 0
0020130 (10,2130):         15437 0  15427 1
0020433 (10,2433):         75724 1  75721 1
0020510 (10,2510):         05716 1  05713 1
0020655 (10,2655):         07731 0  07722 1
0020705 (10,2705):         07751 0  07742 1
0020712 (10,2712):         07731 0  07722 1
0020726 (10,2726):         07751 0  07742 1
0020757 (10,2757):         05566 1  05563 1
0021022 (10,3022):         05600 1  05575 0
0021024 (10,3024):         05600 1  05575 0
0021026 (10,3026):         05600 1  05575 0
0021055 (10,3055):         30372 1  30367 0
0021154 (10,3154):         07731 0  07722 1
0021166 (10,3166):         07731 0  07722 1
0021247 (10,3247):         07751 0  07742 1
0021450 (10,3450):         05660 1  05655 1
0021743 (10,3743):         66615 66741
0023430 (11,3430):         11057 11054
0023444 (11,3444):         11057 11054
0023456 (11,3456):         11057 11054
0023463 (11,3463):         11057 11054
0023512 (11,3512):         05423 1  05413 1
0023515 (11,3515):         75020 1  70236 1
0023600 (11,3600):         05651 05646
0023774 (11,3774):         42254 1  47065 1
0024005 (12,2005):         10761 0  10756 1
0024032 (12,2032):         10674 10671
0024035 (12,2035):         10674 10671
0024043 (12,2043):         10712 1  10707 0
0024052 (12,2052):         10714 1  10711 1
0024132 (12,2132):         10705 1  10702 0
0024227 (12,2227):         10710 0  10705 1
0024263 (12,2263):         10710 0  10705 1
0024363 (12,2363):         10672 0  10667 1
0024402 (12,2402):         10706 1  10703 1
0024604 (12,2604):         10710 0  10705 1
0024642 (12,2642):         10710 0  10705 1
0024707 (12,2707):         10672 0  10667 1
0024726 (12,2726):         10706 1  10703 1
0024775 (12,2775):         10723 10720
0025003 (12,3003):         10761 0  10756 1
0025016 (12,3016):         10702 10677
0025042 (12,3042):         10676 1  10673 1
0025071 (12,3071):         10672 0  10667 1
0025156 (12,3156):         10674 10671
0025201 (12,3201):         10702 10677
0025212 (12,3212):         10700 1  10675 1
0025242 (12,3242):         10714 1  10711 1
0025261 (12,3261):         10761 0  10756 1
0025265 (12,3265):         10701 0  10676 1
0025274 (12,3274):         10723 10720
0025310 (12,3310):         10676 1  10673 1
0025335 (12,3335):         10720 10715
0025340 (12,3340):         10720 10715
0025407 (12,3407):         10704 10701
0025415 (12,3415):         10702 10677
0025514 (12,3514):         10667 1  10664 1
0025516 (12,3516):         10716 10713
0025544 (12,3544):         10722 1  10717 1
0025621 (12,3621):         10702 10677
0025632 (12,3632):         10674 10671
0025652 (12,3652):         10700 1  10675 1
0025660 (12,3660):         10676 1  10673 1
0025743 (12,3743):         10674 10671
0025746 (12,3746):         10670 1  10665 0
0025774 (12,3774):         45714 1  46104 0
0026161 (13,2161):         07766 1  06716 1
0026170 (13,2170):         02302 1  12302 0
0026176 (13,2176):         02302 1  12302 0
0026307 (13,2307):         15564 1  14106 0
0026520 (13,2520):         10676 1  10673 1
0026562 (13,2562):         05423 1  05413 1
0026570 (13,2570):         05331 0  05321 1
0026612 (13,2612):         05423 1  05413 1
0026616 (13,2616):         05347 1  05337 0
0027133 (13,3133):         05423 1  05413 1
0027151 (13,3151):         11057 11054
0027363 (13,3363):         05566 1  05563 1
0027364 (13,3364):         00114 00144
0027407 (13,3407):         05423 1  05413 1
0027420 (13,3420):         05600 1  05575 0
0027421 (13,3421):         00114 00144
0027673 (13,3673):         05651 05646
0027705 (13,3705):         41565 1  64331 1
0030343 (14,2343):         05651 05646
0030357 (14,2357):         05423 1  05413 1
0030372 (14,2372):         05733 05730
0030403 (14,2403):         05423 1  05413 1
0030437 (14,2437):         35746 1  35743 1
0030501 (14,2501):         05423 1  05413 1
0030510 (14,2510):         05733 05730
0030511 (14,2511):         05423 1  05413 1
0030747 (14,2747):         05423 1  05413 1
0030770 (14,2770):         05423 1  05413 1
0030774 (14,2774):         05423 1  05413 1
0031006 (14,3006):         05423 1  05413 1
0031015 (14,3015):         05733 05730
0031025 (14,3025):         05423 1  05413 1
0031032 (14,3032):         05423 1  05413 1
0031046 (14,3046):         05423 1  05413 1
0031113 (14,3113):         05733 05730
0031120 (14,3120):         05733 05730
0031226 (14,3226):         05600 1  05575 0
0031264 (14,3264):         31052 1  31350 0
0031736 (14,3736):         76442 1  76324 0
0032001 (15,2001):         11067 11064
0032020 (15,2020):         05423 1  05413 1
0032064 (15,2064):         04106 1  14106 0
0032065 (15,2065):         02067 1  12067 0
0032066 (15,2066):         02061 1  12061 0
0032142 (15,2142):         05651 05646
0032150 (15,2150):         02144 1  12144 0
0032332 (15,2332):         02334 1  12334 0
0032333 (15,2333):         02326 1  12326 0
0032334 (15,2334):         05423 1  05413 1
0032352 (15,2352):         05423 1  05413 1
0032361 (15,2361):         05733 05730
0032366 (15,2366):         05733 05730
0032375 (15,2375):         05423 1  05413 1
0032435 (15,2435):         05423 1  05413 1
0032505 (15,2505):         05733 05730
0032513 (15,2513):         05733 05730
0032521 (15,2521):         01405 1  01005 0
0032522 (15,2522):         01427 1  01027 0
0032523 (15,2523):         01424 1  01024 0
0032525 (15,2525):         02527 0  12527 1
0032534 (15,2534):         05733 05730
0032645 (15,2645):         05423 1  05413 1
0033030 (15,3030):         20406 1  20544 0
0033103 (15,3103):         05423 1  05413 1
0033211 (15,3211):         05651 05646
0033214 (15,3214):         05566 1  05563 1
0033352 (15,3352):         60456 0  72041 1
0034002 (16,2002):         05726 1  05723 1
0034035 (16,2035):         15754 15751
0034042 (16,2042):         15340 1  15330 0
0034203 (16,2203):         15340 1  15330 0
0034452 (16,2452):         05716 1  05713 1
0035052 (16,3052):         15345 1  15335 0
0035143 (16,3143):         05651 05646
0035222 (16,3222):         75746 75743
0035335 (16,3335):         35737 1  35734 1
0035346 (16,3346):         13351 1  03351 0
0035347 (16,3347):         13351 1  03351 0
0035350 (16,3350):         13351 1  03351 0
0035360 (16,3360):         31543 1  61543 1
0035433 (16,3433):         05755 0  05752 1
0035472 (16,3472):         05754 1  05751 1
0035610 (16,3610):         05651 05646
0035767 (16,3767):         02420 0  02504 1
0036037 (17,2037):         35017 1  45017 0
0036067 (17,2067):         05651 05646
0036071 (17,2071):         35775 1  35772 0
0036074 (17,2074):         45775 0  45772 1
0036210 (17,2210):         12044 1  55472 0
0036226 (17,2226):         62461 0  12461 1
0036270 (17,2270):         35737 1  35734 1
0036555 (17,2555):         05755 0  05752 1
0036564 (17,2564):         05754 1  05751 1
0036622 (17,2622):         05755 0  05752 1
0036654 (17,2654):         05760 05755
0036663 (17,2663):         05771 05766
0037005 (17,3005):         05651 05646
0037022 (17,3022):         07774 1  07761 0
0037034 (17,3034):         15342 0  15332 1
0037214 (17,3214):         05726 1  05723 1
0037343 (17,3343):         05726 1  05723 1
0037540 (17,3540):         05726 1  05723 1
0037545 (17,3545):         13550 0  12522 1
0037546 (17,3546):         13550 0  12522 1
0037631 (17,3631):         60642 1  57363 0
0040000 (20,2000):         07766 1  06716 1
0040007 (20,2007):         15564 1  15561 1
0040013 (20,2013):         05556 1  05553 1
0040017 (20,2017):         12003 1  12004 0
0040032 (20,2032):         05651 05646
0040037 (20,2037):         15564 1  15561 1
0040105 (20,2105):         05556 1  05553 1
0040112 (20,2112):         15564 1  15561 1
0040151 (20,2151):         05564 0  15561 1
0040155 (20,2155):         05564 05561
0040161 (20,2161):         05556 1  05553 1
0040174 (20,2174):         05564 05561
0040175 (20,2175):         05564 05561
0040176 (20,2176):         05564 05561
0040200 (20,2200):         05556 1  05553 1
0040210 (20,2210):         35751 1  35746 1
0040221 (20,2221):         35750 0  35745 1
0040343 (20,2343):         75013 1  75012 0
0040347 (20,2347):         35746 1  35743 1
0040370 (20,2370):         45013 1  45012 0
0040457 (20,2457):         15726 15723
0040460 (20,2460):         15726 15723
0040763 (20,2763):         02567 1  00006 1
0040764 (20,2764):         00155 0  10155 1
0041342 (20,3342):         05627 1  05624 1
0041363 (20,3363):         05627 1  05624 1
0041542 (20,3542):         65211 51137
0042003 (21,2003):         05375 0  05365 1
0042005 (21,2005):         15340 1  15330 0
0042020 (21,2020):         15340 1  15330 0
0042043 (21,2043):         15331 1  15321 0
0042101 (21,2101):         15340 1  15330 0
0042142 (21,2142):         60000 1  20001 1
0042143 (21,2143):         60000 1  20001 1
0042145 (21,2145):         41757 1  31757 0
0042166 (21,2166):         15331 1  15321 0
0042171 (21,2171):         00030 1  00036 1
0042213 (21,2213):         31747 1  33047 1
0042215 (21,2215):         73047 71747
0042304 (21,2304):         15331 1  15321 0
0042477 (21,2477):         60000 1  20001 1
0042515 (21,2515):         60000 1  20001 1
0042562 (21,2562):         12654 0  12655 1
0042575 (21,2575):         12654 0  12655 1
0042700 (21,2700):         12737 1  12576 0
0042721 (21,2721):         56073 0  56072 1
0042723 (21,2723):         13015 1  13016 1
0042734 (21,2734):         56073 0  56072 1
0042736 (21,2736):         13015 1  13016 1
0043013 (21,3013):         56073 0  56072 1
0043016 (21,3016):         30073 0  30072 1
0043020 (21,3020):         54054 1  54053 0
0043021 (21,3021):         30073 0  30072 1
0043052 (21,3052):         01506 0  01507 1
0043430 (21,3430):         35746 1  35743 1
0043602 (21,3602):         65372 1  75614 0
0044721 (22,2721):         05651 05646
0045206 (22,3206):         05331 0  05321 1
0045235 (22,3235):         05331 0  05321 1
0045253 (22,3253):         05564 05561
0045306 (22,3306):         07766 1  06716 1
0045312 (22,3312):         05645 0  05642 1
0045313 (22,3313):         05645 0  05642 1
0045443 (22,3443):         05564 05561
0045445 (22,3445):         05331 0  05321 1
0045456 (22,3456):         05331 0  05321 1
0045464 (22,3464):         05331 0  05321 1
0045471 (22,3471):         05331 0  05321 1
0045504 (22,3504):         07766 1  06716 1
0045510 (22,3510):         05645 0  05642 1
0045511 (22,3511):         05645 0  05642 1
0045552 (22,3552):         05375 0  05365 1
0045565 (22,3565):         15564 1  15561 1
0045646 (22,3646):         10415 0  12655 1
0046027 (23,2027):         15564 1  15561 1
0046032 (23,2032):         05566 1  05563 1
0046036 (23,2036):         15564 1  15561 1
0046041 (23,2041):         05423 1  05413 1
0046064 (23,2064):         05566 1  05563 1
0046070 (23,2070):         05423 1  05413 1
0046072 (23,2072):         05600 1  05575 0
0046500 (23,2500):         05423 1  05413 1
0046601 (23,2601):         11057 11054
0046645 (23,2645):         11057 11054
0046720 (23,2720):         11057 11054
0046730 (23,2730):         11057 11054
0047144 (23,3144):         05651 05646
0047146 (23,3146):         05566 1  05563 1
0047452 (23,3452):         52134 0  52160 1
0047464 (23,3464):         20134 0  20160 1
0047465 (23,3465):         52134 0  52160 1
0047543 (23,3543):         06616 06613
0050000 (24,2000):         05403 05373
0050011 (24,2011):         05600 1  05575 0
0050014 (24,2014):         11067 11064
0050015 (24,2015):         05566 1  05563 1
0050017 (24,2017):         05566 1  05563 1
0050021 (24,2021):         05566 1  05563 1
0050023 (24,2023):         05600 1  05575 0
0050025 (24,2025):         05600 1  05575 0
0050027 (24,2027):         05600 1  05575 0
0050031 (24,2031):         05600 1  05575 0
0050037 (24,2037):         05423 1  05413 1
0050065 (24,2065):         05423 1  05413 1
0050073 (24,2073):         05423 1  05413 1
0050134 (24,2134):         05566 1  05563 1
0050151 (24,2151):         05600 1  05575 0
0050153 (24,2153):         05600 1  05575 0
0050162 (24,2162):         05423 1  05413 1
0050174 (24,2174):         05566 1  05563 1
0050207 (24,2207):         05423 1  05413 1
0050215 (24,2215):         15331 1  15321 0
0050226 (24,2226):         05331 0  05321 1
0050251 (24,2251):         05331 0  05321 1
0050305 (24,2305):         11057 11054
0050327 (24,2327):         11057 11054
0050337 (24,2337):         05403 05373
0050342 (24,2342):         06000 1  26000 0
0050350 (24,2350):         05566 1  05563 1
0050353 (24,2353):         05403 05373
0050360 (24,2360):         11067 11064
0050361 (24,2361):         05566 1  05563 1
0050363 (24,2363):         05566 1  05563 1
0050420 (24,2420):         05423 1  05413 1
0050431 (24,2431):         02367 1  02365 0
0050433 (24,2433):         05331 0  05321 1
0050441 (24,2441):         05423 1  05413 1
0050507 (24,2507):         05423 1  05413 1
0050517 (24,2517):         05423 1  05413 1
0050561 (24,2561):         05423 1  05413 1
0050573 (24,2573):         37664 1  37674 0
0050604 (24,2604):         11057 11054
0050634 (24,2634):         05423 1  05413 1
0050720 (24,2720):         05566 1  05563 1
0050743 (24,2743):         05600 1  05575 0
0050746 (24,2746):         05423 1  05413 1
0050757 (24,2757):         02712 1  02661 1
0050762 (24,2762):         05566 1  05563 1
0051010 (24,3010):         05600 1  05575 0
0051023 (24,3023):         05600 1  05575 0
0051033 (24,3033):         05566 1  05563 1
0051041 (24,3041):         05423 1  05413 1
0051071 (24,3071):         05423 1  05413 1
0051075 (24,3075):         52556 55575
0051105 (24,3105):         05566 1  05563 1
0051111 (24,3111):         05600 1  05575 0
0051536 (24,3536):         71536 1  47136 0
0052002 (25,2002):         15331 1  15321 0
0052017 (25,2017):         15331 1  15321 0
0052061 (25,2061):         15331 1  15321 0
0052146 (25,2146):         15331 1  15321 0
0052343 (25,2343):         05651 05646
0052511 (25,2511):         05651 05646
0052513 (25,2513):         12426 1  02426 0
0052577 (25,2577):         02605 02555
0052604 (25,2604):         05331 0  05321 1
0053003 (25,3003):         05600 1  05575 0
0053037 (25,3037):         15225 0  05225 1
0053144 (25,3144):         05651 05646
0053146 (25,3146):         05340 0  05330 1
0053153 (25,3153):         05651 05646
0053174 (25,3174):         05651 05646
0053240 (25,3240):         05340 0  05330 1
0053331 (25,3331):         05566 1  05563 1
0053442 (25,3442):         52067 1  52060 0
0053461 (25,3461):         05651 05646
0053576 (25,3576):         05600 1  05575 0
0053773 (25,3773):         57544 0  77726 1
0054001 (26,2001):         11067 11064
0054011 (26,2011):         05564 05561
0054046 (26,2046):         41156 0  41053 1
0054065 (26,2065):         05564 05561
0054070 (26,2070):         05600 1  05575 0
0054074 (26,2074):         15564 1  15561 1
0054105 (26,2105):         05600 1  05575 0
0054131 (26,2131):         05566 1  05563 1
0054205 (26,2205):         05600 1  05575 0
0054210 (26,2210):         05600 1  05575 0
0054225 (26,2225):         05423 1  05413 1
0054230 (26,2230):         05556 1  05553 1
0054244 (26,2244):         05423 1  05413 1
0054247 (26,2247):         05423 1  05413 1
0054252 (26,2252):         05566 1  05563 1
0054426 (26,2426):         11057 11054
0054445 (26,2445):         11057 11054
0054477 (26,2477):         11057 11054
0054533 (26,2533):         11057 11054
0054602 (26,2602):         11057 11054
0054713 (26,2713):         11057 11054
0054754 (26,2754):         11057 11054
0055044 (26,3044):         11057 11054
0055050 (26,3050):         11057 11054
0055131 (26,3131):         11057 11054
0055144 (26,3144):         11057 11054
0055177 (26,3177):         03662 03661
0055204 (26,3204):         03662 03661
0055211 (26,3211):         55257 1  55261 1
0055213 (26,3213):         51257 51261
0055215 (26,3215):         11257 1  11261 1
0055302 (26,3302):         03662 03661
0055320 (26,3320):         03662 03661
0055322 (26,3322):         03662 03661
0055354 (26,3354):         03662 03661
0055600 (26,3600):         15331 1  15321 0
0055605 (26,3605):         05331 0  05321 1
0055627 (26,3627):         05651 05646
0055651 (26,3651):         45330 0  45610 1
0056630 (27,2630):         05651 05646
0056637 (27,2637):         24276 1  00000 1
0056640 (27,2640):         14076 00001
0056651 (27,2651):         05520 0  00000 1
0056652 (27,2652):         11006 1  00000 1
0056653 (27,2653):         02572 0  00000 1
0056654 (27,2654):         00505 1  00000 1
0056720 (27,2720):         00743 1  05342 1
0056775 (27,2775):         00703 05302
0057013 (27,3013):         05423 1  05413 1
0057040 (27,3040):         07621 07622
0057057 (27,3057):         26614 13306
0057060 (27,3060):         05221 02511
0057070 (27,3070):         32124 1  32125 0
0057162 (27,3162):         05423 1  05413 1
0057172 (27,3172):         05423 1  05413 1
0057217 (27,3217):         05423 1  05413 1
0057232 (27,3232):         05600 1  05575 0
0057277 (27,3277):         05331 0  05321 1
0057304 (27,3304):         05566 1  05563 1
0057306 (27,3306):         05331 0  05321 1
0057324 (27,3324):         20200 1  20600 0
0057452 (27,3452):         56312 1  56212 0
0057453 (27,3453):         00037 00025
0057570 (27,3570):         56342 1  40005 0
0057572 (27,3572):         43400 1  57600 0
0057573 (27,3573):         57600 77616
0057704 (27,3704):         24405 24406
0057725 (27,3725):         53613 0  65173 1
0060042 (30,2042):         25657 1  35743 1
0060075 (30,2075):         27027 1  27030 1
0060200 (30,2200):         40222 1  40223 0
0060405 (30,2405):         17714 17722
0060646 (30,2646):         03255 0  03251 1
0060663 (30,2663):         03255 0  03251 1
0060700 (30,2700):         17263 0  17257 1
0060775 (30,2775):         50514 1  50520 0
0060777 (30,2777):         37255 1  37251 0
0061035 (30,3035):         75545 1  75555 0
0061062 (30,3062):         40220 0  40221 1
0061074 (30,3074):         17140 1  00311 1
0061077 (30,3077):         17140 1  00311 1
0061115 (30,3115):         17714 17722
0061205 (30,3205):         10000 75751
0061206 (30,3206):         00000 1  41775 1
0061211 (30,3211):         00040 0  00022 1
0061212 (30,3212):         00000 1  07212 1
0061215 (30,3215):         03271 03265
0061216 (30,3216):         03263 0  03257 1
0061221 (30,3221):         03255 0  03251 1
0061226 (30,3226):         03251 1  03244 0
0061231 (30,3231):         55650 1  55643 0
0061236 (30,3236):         55652 55645
0061241 (30,3241):         55653 1  55646 0
0061243 (30,3243):         31637 1  31632 1
0061245 (30,3245):         31640 1  31633 0
0061247 (30,3247):         31641 0  31634 1
0061256 (30,3256):         03263 0  03257 1
0061272 (30,3272):         31672 31666
0061275 (30,3275):         55672 1  55666 1
0061276 (30,3276):         31674 0  31670 1
0061301 (30,3301):         55674 1  55670 0
0061304 (30,3304):         03254 1  03247 0
0061342 (30,3342):         60156 0  20156 1
0061353 (30,3353):         31637 1  31632 1
0061360 (30,3360):         55676 0  55672 1
0061363 (30,3363):         23700 1  23674 0
0061364 (30,3364):         51652 1  51645 1
0061367 (30,3367):         55700 0  55674 1
0061370 (30,3370):         31677 0  31673 1
0061374 (30,3374):         51652 1  51645 1
0061401 (30,3401):         55677 1  57673 1
0061406 (30,3406):         61676 1  61672 0
0061410 (30,3410):         51652 1  51645 1
0061414 (30,3414):         11653 1  11646 0
0061420 (30,3420):         55676 0  55672 1
0061421 (30,3421):         41676 0  41672 1
0061422 (30,3422):         55645 55640
0061423 (30,3423):         41677 1  41673 0
0061427 (30,3427):         27645 27640
0061430 (30,3430):         27645 27640
0061431 (30,3431):         41677 1  41673 0
0061437 (30,3437):         55646 0  55641 1
0061440 (30,3440):         41700 0  41674 1
0061443 (30,3443):         27646 0  27641 1
0061444 (30,3444):         27646 0  27641 1
0061445 (30,3445):         27646 0  27641 1
0061446 (30,3446):         31677 0  31673 1
0061454 (30,3454):         55647 1  55642 1
0061455 (30,3455):         41700 0  41674 1
0061460 (30,3460):         27647 1  27642 1
0061461 (30,3461):         27647 1  27642 1
0061462 (30,3462):         27647 1  27642 1
0061466 (30,3466):         31676 1  31672 0
0061473 (30,3473):         55642 1  55635 1
0061475 (30,3475):         11645 11640
0061503 (30,3503):         71645 71640
0061510 (30,3510):         11527 1  11522 1
0061521 (30,3521):         31650 0  31643 1
0061526 (30,3526):         03251 1  03244 0
0061554 (30,3554):         03254 1  03247 0
0061557 (30,3557):         03275 1  03271 0
0061562 (30,3562):         03273 1  03267 1
0061625 (30,3625):         40243 0  40244 1
0061632 (30,3632):         03250 0  03243 1
0061647 (30,3647):         67113 53727
0062007 (31,2007):         75560 0  75561 1
0062011 (31,2011):         22371 1  00245 1
0062016 (31,2016):         03240 1  03233 0
0062033 (31,2033):         26322 0  26323 1
0062042 (31,2042):         51241 1  51245 0
0062070 (31,2070):         55656 1  55610 0
0062076 (31,2076):         35141 35122
0062135 (31,2135):         74673 0  74647 1
0062167 (31,2167):         26500 0  26477 1
0062215 (31,2215):         17140 1  00311 1
0062234 (31,2234):         02467 62467
0062307 (31,2307):         35020 0  35012 1
0062406 (31,2406):         07100 1  07010 1
0062452 (31,2452):         77602 76027
0062541 (31,2541):         17140 1  00311 1
0063144 (31,3144):         74522 1  74526 0
0063177 (31,3177):         63202 1  13202 0
0063235 (31,3235):         23713 0  23712 1
0063251 (31,3251):         23713 0  23712 1
0063255 (31,3255):         23715 23713
0063256 (31,3256):         03263 0  03257 1
0063277 (31,3277):         52755 1  52757 0
0063305 (31,3305):         07777 1  13304 1
0063306 (31,3306):         33716 1  33713 1
0063316 (31,3316):         33717 33714
0063333 (31,3333):         33717 33714
0063341 (31,3341):         33720 1  33715 1
0063350 (31,3350):         33720 1  33715 1
0063655 (31,3655):         00550 1  02520 1
0063710 (31,3710):         01541 01542
0063711 (31,3711):         20646 1  01022 0
0063712 (31,3712):         01022 00626
0063713 (31,3713):         02016 1  01477 1
0063714 (31,3714):         00517 1  01500 0
0063715 (31,3715):         16630 0  01474 1
0063716 (31,3716):         01477 1  03716 1
0063717 (31,3717):         01500 03717
0063720 (31,3720):         01474 1  07112 1
0063721 (31,3721):         03721 00000
0063722 (31,3722):         03722 00000
0063723 (31,3723):         41230 00000
0064050 (32,2050):         27013 0  27014 1
0064066 (32,2066):         17762 1  17531 0
0064107 (32,2107):         51214 1  51220 0
0064112 (32,2112):         03762 1  03531 0
0064113 (32,2113):         57552 1  57572 0
0064125 (32,2125):         27361 27362
0064145 (32,2145):         27057 0  27060 1
0064173 (32,2173):         03762 1  03531 0
0064363 (32,2363):         03762 1  03531 0
0064415 (32,2415):         03376 0  03371 1
0064434 (32,2434):         14421 0  14423 1
0064454 (32,2454):         03370 0  03363 1
0064501 (32,2501):         24573 0  00017 1
0064527 (32,2527):         03762 1  03531 0
0064543 (32,2543):         03762 1  03531 0
0064565 (32,2565):         01252 15252
0064566 (32,2566):         25253 1  25252 0
0064576 (32,2576):         27533 1  00000 1
0064577 (32,2577):         07571 0  00000 1
0064631 (32,2631):         02733 1  02707 0
0064634 (32,2634):         32670 1  33344 1
0064722 (32,2722):         51214 1  51220 0
0064732 (32,2732):         27027 1  27030 1
0065003 (32,3003):         44415 1  40415 0
0065016 (32,3016):         27361 27362
0065026 (32,3026):         27057 0  27060 1
0065043 (32,3043):         03255 0  03251 1
0065053 (32,3053):         75072 75060
0065061 (32,3061):         13066 0  13054 1
0065070 (32,3070):         40222 1  40223 0
0065214 (32,3214):         00006 1  00004 0
0065246 (32,3246):         17140 1  00311 1
0065274 (32,3274):         25655 0  35731 1
0065312 (32,3312):         75545 1  75555 0
0065322 (32,3322):         03255 0  03251 1
0065336 (32,3336):         40220 0  40221 1
0065344 (32,3344):         75103 1  75053 0
0065357 (32,3357):         02373 1  02376 1
0065363 (32,3363):         02377 02402
0065374 (32,3374):         74701 1  74655 1
0065403 (32,3403):         02574 02566
0065406 (32,3406):         75103 1  75064 1
0065435 (32,3435):         27027 1  27030 1
0065503 (32,3503):         75152 0  75133 1
0065513 (32,3513):         00144 00124
0065530 (32,3530):         75545 1  75555 0
0065556 (32,3556):         02443 02446
0065610 (32,3610):         75711 1  75561 1
0065642 (32,3642):         05034 0  05030 1
0065643 (32,3643):         27135 0  06164 1
0065674 (32,3674):         70557 1  76054 1
0066046 (33,2046):         40103 1  00103 0
0066155 (33,2155):         00703 05302
0066230 (33,2230):         74667 74643
0066243 (33,2243):         75013 1  75012 0
0066264 (33,2264):         74614 1  74610 0
0066274 (33,2274):         40314 0  40315 1
0066314 (33,2314):         17227 17221
0066326 (33,2326):         27465 27466
0066364 (33,2364):         03347 1  03307 0
0066561 (33,2561):         71263 70107
0066563 (33,2563):         55263 54107
0066610 (33,2610):         71263 70107
0066766 (33,2766):         17140 1  00311 1
0066770 (33,2770):         22377 1  00253 0
0067122 (33,3122):         31000 14400
0067133 (33,3133):         02633 02630
0067134 (33,3134):         26756 1  25010 1
0067141 (33,3141):         60763 41747
0067142 (33,3142):         72204 1  64417 1
0067143 (33,3143):         60663 1  41546 0
0067144 (33,3144):         44215 1  50434 1
0067207 (33,3207):         56611 1  57163 1
0067223 (33,3223):         35056 1  16427 1
0067224 (33,3224):         21351 10563
0067226 (33,3226):         50641 1  61003 0
0067257 (33,3257):         71263 70107
0067263 (33,3263):         71263 70107
0067314 (33,3314):         57674 57702
0067321 (33,3321):         30075 0  40075 1
0067333 (33,3333):         17714 17722
0067514 (33,3514):         30074 1  40074 0
0067526 (33,3526):         17714 17722
0067606 (33,3606):         53057 53061
0067610 (33,3610):         17631 17623
0067620 (33,3620):         05225 1  15225 0
0067622 (33,3622):         53043 53045
0067624 (33,3624):         17631 17623
0067654 (33,3654):         53420 1  53422 0
0067656 (33,3656):         17631 17623
0067657 (33,3657):         05225 1  15225 0
0067740 (33,3740):         65473 1  64747 1
0070004 (34,2004):         27027 1  27030 1
0070006 (34,2006):         00017 1  00001 0
0070364 (34,2364):         03376 0  03371 1
0070433 (34,2433):         03376 0  03371 1
0070735 (34,2735):         03376 0  03371 1
0070750 (34,2750):         03376 0  03371 1
0071047 (34,3047):         03376 0  03371 1
0071055 (34,3055):         03376 0  03371 1
0071321 (34,3321):         13314 0  03314 1
0071331 (34,3331):         03370 0  03363 1
0071351 (34,3351):         27027 1  27030 1
0071362 (34,3362):         14421 0  14423 1
0071371 (34,3371):         03370 0  03363 1
0071570 (34,3570):         03370 0  03363 1
0071621 (34,3621):         03370 0  03363 1
0071725 (34,3725):         27013 0  27014 1
0071731 (34,3731):         27027 1  27030 1
0071756 (34,3756):         52133 1  62225 0
0072266 (35,2266):         03376 0  03371 1
0072351 (35,2351):         03376 0  03371 1
0072474 (35,2474):         02733 1  02707 0
0072624 (35,2624):         03370 0  03363 1
0073312 (35,3312):         03370 0  03363 1
0073326 (35,3326):         03370 0  03363 1
0073355 (35,3355):         03370 0  03363 1
0073410 (35,3410):         27361 27362
0073436 (35,3436):         27057 0  27060 1
0073473 (35,3473):         03370 0  03363 1
0073563 (35,3563):         33633 1  30005 1
0073650 (35,3650):         76721 1  02543 1
0074014 (36,2014):         15331 1  15321 0
0074041 (36,2041):         15331 1  15321 0
0074057 (36,2057):         15331 1  15321 0
0074070 (36,2070):         02354 1  02351 1
0074131 (36,2131):         15331 1  15321 0
0074133 (36,2133):         05423 1  05413 1
0074142 (36,2142):         05600 1  05575 0
0074161 (36,2161):         05651 05646
0074217 (36,2217):         64672 0  06035 1
0074234 (36,2234):         05375 0  05365 1
0074242 (36,2242):         05347 1  05337 0
0074245 (36,2245):         05423 1  05413 1
0074261 (36,2261):         05423 1  05413 1
0074272 (36,2272):         05651 05646
0074300 (36,2300):         05423 1  05413 1
0074307 (36,2307):         65331 0  65321 1
0074317 (36,2317):         15331 1  15321 0
0074327 (36,2327):         15331 1  15321 0
0074373 (36,2373):         15331 1  15321 0
0074377 (36,2377):         05423 1  05413 1
0074401 (36,2401):         15331 1  15321 0
0074405 (36,2405):         05600 1  05575 0
0074407 (36,2407):         05600 1  05575 0
0074411 (36,2411):         05403 05373
0074423 (36,2423):         45746 45743
0074425 (36,2425):         15331 1  15321 0
0074431 (36,2431):         05375 0  05365 1
0074437 (36,2437):         05423 1  05413 1
0074515 (36,2515):         05403 05373
0074527 (36,2527):         05566 1  05563 1
0074540 (36,2540):         05600 1  05575 0
0074542 (36,2542):         05600 1  05575 0
0074544 (36,2544):         05600 1  05575 0
0074546 (36,2546):         05423 1  05413 1
0074556 (36,2556):         15331 1  15321 0
0074563 (36,2563):         05423 1  05413 1
0074565 (36,2565):         15331 1  15321 0
0074573 (36,2573):         05600 1  05575 0
0074577 (36,2577):         03157 1  03137 1
0074603 (36,2603):         05423 1  05413 1
0074605 (36,2605):         15331 1  15321 0
0074610 (36,2610):         05423 1  05413 1
0074627 (36,2627):         05403 05373
0074636 (36,2636):         05604 05601
0074642 (36,2642):         15573 1  15570 1
0074701 (36,2701):         05403 05373
0074726 (36,2726):         15331 1  15321 0
0074770 (36,2770):         05556 1  05553 1
0075003 (36,3003):         74067 0  74065 1
0075005 (36,3005):         05566 1  05563 1
0075020 (36,3020):         05423 1  05413 1
0075033 (36,3033):         05423 1  05413 1
0075046 (36,3046):         05423 1  05413 1
0075072 (36,3072):         35013 0  35012 1
0075117 (36,3117):         03275 1  03304 0
0075144 (36,3144):         11067 11064
0075152 (36,3152):         55201 1  55251 1
0075201 (36,3201):         05600 1  05575 0
0075221 (36,3221):         05423 1  05413 1
0075260 (36,3260):         11067 11064
0075324 (36,3324):         05403 05373
0075332 (36,3332):         01732 0  01730 1
0075357 (36,3357):         01732 0  01730 1
0075372 (36,3372):         66354 66351
0075404 (36,3404):         11067 11064
0075406 (36,3406):         55201 1  35026 0
0075407 (36,3407):         35026 0  55202 1
0075410 (36,3410):         55202 1  55251 1
0075422 (36,3422):         11067 11064
0075433 (36,3433):         05347 1  05337 0
0075442 (36,3442):         64671 0  06035 1
0075445 (36,3445):         05423 1  05413 1
0075471 (36,3471):         05423 1  05413 1
0075501 (36,3501):         66354 66351
0075523 (36,3523):         05600 1  05575 0
0075525 (36,3525):         05600 1  05575 0
0075527 (36,3527):         05600 1  05575 0
0075531 (36,3531):         05423 1  05413 1
0075536 (36,3536):         05331 0  05321 1
0075541 (36,3541):         05331 0  05321 1
0075606 (36,3606):         05331 0  05321 1
0075627 (36,3627):         05403 05373
0075632 (36,3632):         05600 1  05575 0
0075657 (36,3657):         66354 66351
0075660 (36,3660):         05600 1  05575 0
0075662 (36,3662):         05566 1  05563 1
0075710 (36,3710):         05403 05373
0075714 (36,3714):         05651 05646
0075772 (36,3772):         73543 1  72042 1
0076000 (37,2000):         05361 05351
0076062 (37,2062):         47147 0  47063 1
0076073 (37,2073):         05600 1  05575 0
0076103 (37,2103):         05347 1  05337 0
0076112 (37,2112):         05331 0  05321 1
0076162 (37,2162):         05331 0  05321 1
0076177 (37,2177):         05726 1  05723 1
0076265 (37,2265):         05600 1  05575 0
0076270 (37,2270):         05364 05354
0076271 (37,2271):         05564 05561
0076571 (37,2571):         05331 0  05321 1
0077033 (37,3033):         05651 05646
0077036 (37,3036):         05651 05646
0077077 (37,3077):         07766 1  06716 1
0077107 (37,3107):         15564 1  15561 1
0077110 (37,3110):         03120 1  13120 0
0077113 (37,3113):         05556 1  05553 1
0077115 (37,3115):         05566 1  05563 1
0077124 (37,3124):         15564 1  15561 1
0077160 (37,3160):         15564 1  15561 1
0077250 (37,3250):         05645 0  05642 1
0077251 (37,3251):         05645 0  05642 1
0077257 (37,3257):         01732 0  01730 1
0077307 (37,3307):         47335 1  47251 1
0077321 (37,3321):         47501 0  47415 1
0077361 (37,3361):         15564 1  15561 1
0077362 (37,3362):         07766 1  06716 1
0077507 (37,3507):         05566 1  05563 1
0077524 (37,3524):         05600 1  05575 0
0077526 (37,3526):         05600 1  05575 0
0077533 (37,3533):         05423 1  05413 1
0077623 (37,3623):         05600 1  05575 0
0077630 (37,3630):         47062 41616
0100004 (40,2004):         05651 05646
0100006 (40,2006):         05564 05561
0100020 (40,2020):         05564 05561
0100071 (40,2071):         01732 0  01730 1
0100106 (40,2106):         01732 0  01730 1
0100115 (40,2115):         05600 1  05575 0
0100122 (40,2122):         15564 1  15561 1
0100123 (40,2123):         15564 1  15561 1
0100124 (40,2124):         05564 05561
0100462 (40,2462):         05726 1  05723 1
0100645 (40,2645):         05726 1  05723 1
0101150 (40,3150):         05726 1  05723 1
0101466 (40,3466):         05726 1  05723 1
0101541 (40,3541):         05716 1  05713 1
0101777 (40,3777):         03463 0  03533 1
0102434 (41,2434):         05726 1  05723 1
0103306 (41,3306):         05331 0  05321 1
0103312 (41,3312):         05331 0  05321 1
0103661 (41,3661):         05331 0  05321 1
0103726 (41,3726):         60126 1  60161 1
0104011 (42,2011):         15564 1  15561 1
0104015 (42,2015):         05556 1  05553 1
0104037 (42,2037):         05566 1  05563 1
0104063 (42,2063):         15331 1  15321 0
0104440 (42,2440):         04102 04012
0104441 (42,2441):         04102 04012
0104727 (42,2727):         03515 03513
0104732 (42,2732):         03515 03513
0104754 (42,2754):         01245 0  03521 1
0104755 (42,2755):         01201 0  02424 1
0104756 (42,2756):         03466 01245
0105175 (42,3175):         16441 1  16447 1
0105566 (42,3566):         11067 11064
0105572 (42,3572):         47335 1  47251 1
0105616 (42,3616):         47477 0  47413 1
0105647 (42,3647):         00017 1  00007 0
0105661 (42,3661):         00011 1  00001 0
0105662 (42,3662):         00017 1  00007 0
0105671 (42,3671):         14011 1  14001 0
0105676 (42,3676):         00011 1  00001 0
0105701 (42,3701):         24011 1  24001 0
0105704 (42,3704):         00011 1  00001 0
0105713 (42,3713):         05645 0  05642 1
0105717 (42,3717):         05556 1  05553 1
0105723 (42,3723):         15564 1  15561 1
0105730 (42,3730):         76154 0  75351 1
0106027 (43,2027):         02152 03422
0106115 (43,2115):         05564 05561
0106201 (43,2201):         05564 05561
0106212 (43,2212):         05564 05561
0106213 (43,2213):         05564 05561
0106233 (43,2233):         05564 05561
0106246 (43,2246):         15564 1  15561 1
0106257 (43,2257):         05651 05646
0106273 (43,2273):         51063 0  51061 1
0106276 (43,2276):         01732 0  01730 1
0106277 (43,2277):         05600 1  05575 0
0106310 (43,2310):         05564 05561
0106321 (43,2321):         05564 05561
0106327 (43,2327):         05564 05561
0106330 (43,2330):         05564 05561
0106360 (43,2360):         05564 05561
0106361 (43,2361):         05564 05561
0106366 (43,2366):         05564 05561
0106403 (43,2403):         05564 05561
0106407 (43,2407):         05600 1  05575 0
0106411 (43,2411):         05566 1  05563 1
0106421 (43,2421):         05566 1  05563 1
0106462 (43,2462):         05556 1  05553 1
0106565 (43,2565):         01732 0  01730 1
0106612 (43,2612):         01732 0  01730 1
0106617 (43,2617):         05600 1  05575 0
0106621 (43,2621):         05564 05561
0106630 (43,2630):         01732 0  01730 1
0106631 (43,2631):         05600 1  05575 0
0106633 (43,2633):         15564 1  12121 0
0106667 (43,2667):         05564 05561
0106703 (43,2703):         15564 1  15561 1
0106774 (43,2774):         05600 1  05575 0
0106777 (43,2777):         05566 1  05563 1
0107006 (43,3006):         05600 1  05575 0
0107010 (43,3010):         05600 1  05575 0
0107016 (43,3016):         05600 1  05575 0
0107020 (43,3020):         05600 1  05575 0
0107022 (43,3022):         05600 1  05575 0
0107032 (43,3032):         05423 1  05413 1
0107042 (43,3042):         51063 0  51061 1
0107047 (43,3047):         12574 1  12570 0
0107054 (43,3054):         05564 05561
0107055 (43,3055):         03355 1  03350 1
0107057 (43,3057):         05600 1  05575 0
0107063 (43,3063):         05566 1  05563 1
0107065 (43,3065):         05600 1  05575 0
0107075 (43,3075):         05566 1  05563 1
0107143 (43,3143):         05564 05561
0107174 (43,3174):         05626 05623
0107211 (43,3211):         05566 1  05563 1
0107222 (43,3222):         76065 0  76064 1
0107224 (43,3224):         05566 1  05563 1
0107227 (43,3227):         05600 1  05575 0
0107264 (43,3264):         05654 05651
0107750 (43,3750):         11213 1  11210 1
0107763 (43,3763):         11626 11623
0107766 (43,3766):         40411 1  43051 1
