p1
p2
p3
p4
p5
p6
p7
p8
p9
p10
p11
p12
p13
p14
p15
p16
p17
p18
p19
p20
p21
p22
p23
p24
p25
a5662
05662,05663
c5663
a7752
07752,07753
c7753
a00,3766
03766,03767
c00,3767
a01,3770
03770,03771
c01,3771
a04,3645
03645,03646
c04,3646
p26
a05,3606
03606,03607
c05,3607
a06,3651
03651,03652
c06,3652
a07,3717
03717,03720
c07,3720
a10,3702
03702,03703
c10,3703
a11,3721
03721,03722
c11,3722
p27
a12,3735
03735,03736
c12,3736
a13,3766
03766,03767
c13,3767
a14,3751
03751,03752
c14,3752
a15,3762
03762,03763
c15,3763
a16,3734
03734,03735
c16,3735
a17,3766
03766,03767
c17,3767
p28
a20,3676
03676,03677
c20,3677
a21,3751
03751,03752
c21,3752
a22,3772
03772,03773
c22,3773
a23,3725
03705,03706
c23,3726
a24,3705
03705,03706
c24,3706
p29
a25,3766
03766,03767
c25,3767
a26,3774
03774,03775
c26,3775
a27,3725
03725,03726
c27,3726
a30,3776
03776
c30,3776
p30
a31,3766
03766,03767
c31,3767
a32,3776
03776
c32,3776
a33,3773
03773,03774
c33,3774
a35,3773
03773,03774
c35,3774
a36,3764
03764,03765
c36,3765
p31
a37,3700
03700,03701
c37,3701
a40,3734
03734,03735
c40,3735
a41,3712
03712,03713
c41,3713
a42,3705
03705,03706
c42,3706
a43,3761
03761,03762
c43,3762
p32
a07,2000
03674,03725
c07,2001
a24,2000
03431,03672
c24,2001
a34,2000
03431,02426
c34,2001
a37,2000
01231
c37,2000
p33
p34
p35
p36
p37
p38
p39
p40
p41
p42
p43
p44
p45
p46
p47
p48
p49
p50
p51
p52
p53
p54
p55
p56
p57
p58
p59
p60
p61
p62
p63
p64
p65
p66
p67
p68
p69
p70
p71
p72
p73
p74
p75
p76
p77
p78
p79
p80
p81
p82
p83
p84
p85
p86
p87
p88
p89
p90
p91
p92
p93
p94
p95
p96
p97
p98
p99
p100
p101
p102
p103
p104
p105
p106
p107
p108
p109
p110
p111
p112
p113
p114
p115
p116
p117
p118
p119
p120
p121
p122
p123
p124
p125
p126
a4000
00004,34054,56006,12511,
52011,00006,31311,52006,
52011,40030,64731,14065,
52011,34055,56006,13416,
52011,34063,56006,12000,
52011,34055,56006,13613,
52011,34057,56006,12103,
52011,34056,56006,13636,
52011,34060,56006,13331,
52011
c4044
p127
34061,56006,12476,
52011,34062,56006,15225,
12063,
02063,
16060,
16067,
12060,
56067,
04060,
14062,
04060,
00006,65226,00006,31313,52006
c4071
p128
a06,2000
54016,00006,22012,11302,12010,12007,12136,34716,54070,55302
c06,2011
a4072
04025,10003,14031,20033,24017,30036,34034,40023,44035,50037,54000,60000
c4105
p129
a06,2012
11036,02063,02063,57036,74372,55036,64105,00006,01010,02071
c06,2023
p130
55016,44714,54073,56776,64713,54776,50776,11023,10776,12030,12047,00012,10073,37764,55016,00002,54073,32037,12031,64712,50776,55023,74372,54073,34364,50776,74072,60073,00006,01010,16706,10101,34714,12132,11016,02024,12132,42173,27302,37700,54027
c06,2074
p131
31321,00006,06032,74675,00006,12116,23321,00006,06001,55321,74675,10000,12116,34371,05027,03353,60101
c06,2115
p132
50070,12120,12130,12765,12174,15222,12130,12765,12174,15222,04633,20000,00006,01010,32141,12074,34675,71302,00006,12167,11016,02024,12154,44675,27302,37700,54027,34702,27302,05222,00006,01010,37700,26027,34702
c06,2160
p133
27302,11302,05222,37737,02156,05222,00006,01010,34675,12146,22400
c06,2173
p134
31320,00006,06030,72743,00006,12231,54070,23320,00006,06001,55320,44712,56070,00006
c06,2211
p135
62507,12215,64712,24070,60000,54000,12215,56071,50070,34675,71320,50070,02737,10071,12214
c06,2230
p136
41320
c06,2231
p137
74704,10000,12367,34703,71320,10000,12244,34703,27320,12367,42757,71320,55320,74675,10000,12342,41320,74702,10000,12260,05537,00213,02717,32764,05140,02270,14063,12367,32764,05161,44711,71320,57320,74711,00006,12310
c06,2275
p138
34675,71320,00006,12266,
40074,74703,10000,15213,04574,17441,
34674,00006,05012,04633,17070,
05410,
44722,00006,03012,
34700,05161,
42754,71320,55320,
44705,71321,55321,
02665,
44674,00006,03012,
34740,05140,
03056,16063,
15213,
34707
c06,2342
p139
00006,02012,10000,12367,34703,70074,10000,12367,02730,04633,17070,34706,00006,05012,05410,34705,05140,02315,14062,12367
c06,2366
p140
31321,74763,54001,34763,00006,03033,00006,06001,00006,12427,54070,23321,00006,06001,55321,34714,56070,60000
c06,2410
p141
12414,64712,24070,60000,54000,12413,56071,50070,34676,71321,50070,02745,10071,12412
c06,2426
p142
10034,12434,12460,12434,12460,62505,00006,62457,62506,00006,62455,34707,00006,02012,10000,12455,04633,16746,36211,05140
c06,2452
p143
02742,16063,34705,12460,34714,61036,74705,00006,15222,71036,10000,12502,34705,71320,10000,15222,41036,74705,64674,57036,72164,27036,15222,32750,15222,12473,63434,75252
c06,2506
p144
74672,54071,11320,12520,12520,34707,00006,05011,12227,02750,12227,44707,00006,03011,12227
c06,2525
p145
34711,71320,10000,12227,34675,71320,00006,12551,34674,00006,02012,00006,12544,12227,34711,27320,05537,00207,12227
c06,2550
p146
41320,74704,27320,12227
c06,2554
p147
10000,12354,42762,00006,03014,42756,00006,03012,44676,00006,03011,02725,04633,16777,44714,54050,54051,54052,54047,42761,00006,03014
c06,2602
p148
12227
c06,2603
p149
00006,12625,41321,74705,27321,04633,16777,42757,70074,56074,40000,74703,10000,12227,05537,00214,12227,34711,71320,10000,12227,12551
c06,2631
p150
10000,34701,57320,72763,27320,02665,41320,74712,10000,12425,31320,72760,10000,12425,05537,00212,12425
c06,2652
p151
10000,12425,05537,01105,12425,10000,12425,05537,01106,12425
c06,2664
p152
34720,71320,00006,74701,31320,00006,04001,40000,74762,10000,12710,
34712,71321,10000,00002,
44712,00006,03011,00002,
00006
c06,2710
p153
22066,05653,34712,00006,05011,00066,47703,00006,03012,34722,00006,05012,41036,72753,27036,41320,72755,27320,41321,74705,27321,00002
c06,2736
p154
12526,12665,12665,12555,76400,12604,12632,12653,12660,41321,74712,13065,40010,00054,00075,00272,00300,01720,00740,77000,76777,21450
c06,2764
p155
31331,00006,06030,74704,54070,10000,03224,11303,13001,13001,13001,15222,31331,00006,06033,74722,26070,23331,00006,06001,55331,40000,74722,00006,13022,74706,10000,03022,37716,55314,11315,03125,03077,03027
c06,3026
p156
11314,03047,03037,03057,03154,11317,03153,03157,03057,03154,05537,00116,34717,55316,03070,03154,03057,03115,05537,00116,03070,03112,34702,13064,34712,71331,10000,05222,34710,71331,10000,24002,00002,46211,71331,55331,44712,00006,03012,00002
c06,3076
p157
11314,03112,03107,11316,03105,03151,03216,03154,11316,55316,03154,34714,55316,55317,03055,03154,34712,55303,34711,00006,05012,03154,11314,03154,03133,34705,55317,03216,11303,03140,03140,03137,03154
c06,3137
p158
37716,55303,44711,00006,03012,41331,74702,27331,03154,03216,34705,55317,31314,55315,05222,34712,00006,05012,34112,05140,03172,14062,41331,74712,27331,03154,03210,44712,00006,03012,34112,05161,41331,74701,27331,44716,71331,55331,03224
c06,3206
p159
05213,34714,54036,55307,43261,54035,00002,34714,55316,41331,76211,27331,00002
c06,3223
p160
34704,00006,02030,10000,13252,34711,71331,10000,00002,34703,61036,74703,00006,16711,54001,31036,00006,06001,74672,64674,55036,00002,34712,71321,10000,00002,34703,71036,13240,16037
c06,3261
p161
a10,2000
30036,54001,10000,67707,12006,12003,00006,62016,31307,00006,12014,12020,56001,12017,34714,55307,11303,02025,02025,05222,05222,31314,00006,65222,34701,71331,10000,02036,05537,00120,34711,00006,02012,00006,12175,34712
c10,2043
p162
55303,00006,12132,
51303,31160,00006,51303,20035,00006,74676,56001,60000,54061,12063
26001,51303,23305,11303,12044
54061,
10036,64673,12074,12071,00006,62122
31307,00006,12122,74674,54001,31306,74674,00006,06001,10000,12122,11161,64673,12115,12002,00006,
c10,2115
p163
62120,12122,41306,55306
34712,55303,50000,11305,02144,02151,02161,02151
40035,61160,54002,02047
10000,34672,02142,44672,54001,02063,62202,00006,62166,42201
24061,64713,51303,54053
11303,02123,10061,12171,05222
62202,00006,62166,32201,12150
c10,2165
p164
51303,57305,12150,
34755,00006,05014,05222
34711,00006,05012,05222
77532,77533,
c10,2202
p165
a05,2000
77340
c05,2000
p166
32047,24340,32056,14340,32063,03412,03422,13414,03427,01245,11162,03025,03231,03702,00007,00007,00007,25735,32065,00024,32067,24340,32056,14340,32063,32076,03743,03753,02610,00106,01336,03231,01331,32101,13720,00007,00007,77770
76605,01174,01176,01200
c05,2052
p167
01202,01204,76607
77743,03133,03135,03137,77745
07076,70605
20074,52754
76054,01725,01727,01731,01733,01642,76056
01432,10372,73741
03073,03066,07167,13125,05154,01320,34011,34013,34030,43745
c05,2112
p168
32047,24340,32056,14340,32063,03412,00302,17674,17502,06363,02355,13720,25735,32065,00024,32067,24340,32056,14340,32063,32076,12757,00106,01336,02633,01331,32101,52754
c05,2146
p169
p170
32047,24340,32056,14340,32063,03412,03422,13414,
01151,17674,01125,03662,03424,02636,00007,00007,
03655,13404,06320,32065,00024,32067,24340,32056,
14340,32063,32076,03743,03753,02610,13645,01331,
32101,02324,07400,07766,77671
c05,2213
p171
p172
32047,24340,32056,14340,32063,07300,03635,24304,14320,04300,03313,13675,07400,03265,32065,00024,32264,24340,32056,14340,07076,13167,07300,24304,14320,03073,03066,03314,01331,13125,05154,01320,34011,34013,34030,34032,01432,10372,00106,74007
c05,2263
p173
76615,01164,01166,03726,03724,03766,67532
c05,2272
p174
34047,24340,32056,14340,32063,27537,27553,27567,02751,00007,
00007,00007,32065,00024,32337,04340,00007,00007,00007,00007
32056,14340,32063,32076,02747,00106,12025,00007,01331,32101,
00007,00007,00007,00007,00007,77710
c05,2336
p175
76672,01107,76674
02113,02214,02147,02001,02273
c05,2346
p176
p177
p178
a05,2347
00004,02750
12356,34675,05042,77777,77777
34674,55036
34714,55365,54375,54376,54377,55154
44603,55302
34714,55360,55362,55501,00006,01005,00006,01006,00006,01011,00006,01012,00006,01013,00006,01014,55316,54332
54371
c05,2412
p179
55071,55130,55126,55125,55044
02465
44714,55011,
34371,54366
33156,55320
04633,17070
37716,55303
33161,55331
34763,55321
00006,33135,53313
00006,33164,52075,00006,33166,52077,00006,33170,52101,00006,33172,52103,00006,33174,52105
33175
c05,2461
p180
54106,04574,03225
00004,00006,34714,52755,00006,34714,52761,00006,34714,52753,00006,34714,52757,00006,34714,52763,00006,34714,52765,00002
c05,2510
p181
25154
22002,00006,04007,53433,02750
34364,71360,00006,12524,12370,41360,00006,12543,61377,00006,
12533,12370,31374,54003,00006,31376,51377,52001,34714,55360,
34674,00006,03033,00006,12555,
34675,00006,02033,00006,12370
02725
c05,2555
p182
30102,00006,74710,76211,00006,50000,33135,53313
44675,70106,54106
31331,73162,64704,55331
34705,71321,64763,55321
33160,71036,64674,57036,74707,00006,12616,04633,16746
36211,05140
02742,16063,33144,71320,63157,55320
40101,74704,10000,12640,34676,00006,05011
c05,2630
p183
12640,00004,02725,02760,43151,70106,54106
34715,54161,60000,00006,50000,30753,00006,06001,10000,12720,12720,12720
10161,12641
54162,05247
00004
30102,74105,00006,62673,34752,54003,04633,45245,34744,54003,34715,54161,60000,50000,10753,12702,12707
54154,24154,24162
c05,2704
p184
32724,04561
10161,12674
10162,12463,34674,71011,00006,14106,12463,05537,01107
12370
07777,03520,34704,00006,02016,00006,12745,34362,00006,02016,63155,00006,12746,00006,00015,63155,00006,12746
00002
02750,12370,33145,54335
c05,2751
p185
34672,54026,67715,54027,67716,54030
34712,00006,03011
33152,00006,03012
33153,00006,03013
34705,00006,03014
44675,70076,54076
33154,54003
34673,55407,55406,55405,55404,55403,55402,55401,55400
54173,55410,55412,55414,55416,55420,55422
c05,3020
p186
55424,55426,55430,45174,55411,55413,55415,55417,55421,55423,55425,55427,55431
44714,54167,54203,54217,54233,54247,54263,54277
55302,54067
33147,54400,63150,54454,63150,54530,63150,54604,63150,54660
34377,
54154,44677,50154,55023,10154,13063,
55141,55142,55143,55144
c05,3074
p187
55073,54045,54776,55042,55013,55015,55012,55020,55021,55001,55002,55043,55330,55322,55323,55324,55325,55304,54100,34717,55016
34675,71044,55044,33146,55361
44374,54777
00002,30001,15225
03132,12066
02071,42066
03165,34066
02765,46066,00435,03340,03333
c05,3146
p188
00400,00054
20100,00070,74160,01400
77755,37411,37000
00450,00130,00430,00000,00000,00000,00000
00000,00200,00000,00100
00000,00000,00000
c05,3175
p189
a4106
05301,00014
04574,10000
c4111
a04,2000
02315,32007,04555,20624,12001,12001
c04,2005
p190
12001
11343
c04,2007
p191
p192
a4112
00024,00031
c4113
a04,2010
54775,34371,54366
31320,74705,10000,12070
34676,00006,02011,10000,12030
40102,74105,00006,62061
00004,34752
c04,2031
p193
54003
31474,55662,04633,50741,04633,13176,32402,04633,42011
04633,51005,34714,54775,00003,34715,04555,01730,34714,00006,01005,00006,01006,30775,00006,12112
40076,74712,10000,12075,05537,01520
04473
04574,21176
32475,54155,50155,32440,76043,40000,60775,10000,10155
c04,2105
p194
12076,12257
30155,54774
40103,74705,10000,12123,
00004,44712,70075,54075
15112
32377,54374
05301,00014
06006
77624,27371,77776,
02315
05447,00020
04555,57721
05447,00215,05447,00037
10775,12245
04473
c04,2146
p195
34754,55056
00004
44712,70076,54076
34715,54001,40000,52755
42374,70074,54074
34714
54332
42375,55071,70075,54075
04633,12477
10775,12204,04633,12471
30775,55011
04574,12632
40775,64112,00006,12211,12211
c04,2210
p196
40775,61011,00006,12225
30074,74704,10000,12236
34704,70074,10000,12233,00006,34714,52753
00006,34714,52755
32376,54374
12202
40075,74732,26075
00006,34714,52761
12200
34704,70074,10000,12253,05447,00007,50774,32476
00004,12165
04400
c04,2257
p197
12072
00004,50774,32440,55060,54020
30020,77674,55062,54063
31060,00006,74703,74716,54001,50774,32403,55061,74364,26001
31061,74747,64700
05053
31060,76043,05246
04473,05112
00006,22155
34752,54003,00004,30105,74677,10000,12331,04555
c04,2326
p198
50213,12333,04455,50227
34717,54154,50154,42356,50154,70074,50154,54074,10154,12334,00003
05435,00044
05425
04555,45245
37716,55303,00155
00000,00040,02000,00000,00000,04140,10000,16020,00000,42000,00000,00000
03132,12066
00300
c04,2374
p199
01120
10264,10132
02106,42066,37312
11331,11106,73433,26036,72157,72002,54320,54217,32000,31061,32000,31061,50412,50235,50002,11324,11103,74502,72153,72000,73620,73604,62021,60000,76001,67207,73431,55655
c04,2436
p200
66001
27117,27116,27115,27714,27113,27112,27476,27475,27266,27265,27264,27263,27657,27451,27450,27047,27046,27645,27043,27042,27637,27636,27227,27226,27025,27424,27021
c04,2472
p201
27006,41201
00034
00002,00002,00002,00002,00002,00002
c04,2503
p202
00001,00003,00000,00000,00000,00000,00003,00003,00003,00002,00002,00002,00002,00002,00002,00002,00002,00004,00002,00002,00002,00000,00000,
00465,42324,00333,01733
c04,2536
a13,2000
43014,01474,01751,26006,77614
c13,2004
p203
01476,45014,01667,27113,71214,04307,26031,01571,34041,27371,45014,01674,26621,43014,02756,26026,01476,45014,01467,27113,77614,01236,26607
43414,01474
c13,2035
p204
p205
a01,2000
00063,00010,00063,00024,00063,00043,00063,00107,00242,00260,00336,00346
00170,
74555,45711,10000
02362,34066,10000
02074,56066,10000
02273,76066
c01,2027
p206
02605,75216
26063
05000
02570,26063,10000
02512,70067,14000
02173,62065,10000
02377,56067
20000
02404,34067,00000,00000,00000,22000
02127,70063,22000
02247,70063,22000
02026,70063,76347
75067,27710
c01,2070
p207
77777
75260,27710,30000
02463,50067,77777
75260,27710,05664
75517,27711,77777
75260,27710,04700
75254,27710
00050
75166,27711,00240
75140,27711,00764
75236,27711,00372
74315,27711,00310
74350,27710,16000
c01,2132
p208
02000,66065,16000
03737,66065,01672,75411
50067,12000
02113,50067
24000
02000,32060
00372
75053,27711,13000
02523,30065,04064
75403,23711,12000
02155,50066,00764
75273,27710,17000
02511,54066,76003
75213,23711,13000
c01,2176
p209
02612,54066,17000
03006,52066,77777
75463,07711,77777
74334,27710,13000
02456,54067,76105
75350,27710,77777
75223,27711,77777
75061,27711,00012
75254,27710,77777
74416,27711,00372
74401,27711,77777
74364,27711,77777
74322,27711
c01,2244
p210
77777
75236,27711
32000
03145,76067,00310
74563,01711,20000
03013,76067,00310
74563,01711
00310
74563,01711,77777
75517,01711,20000
02456,66065,77777
75174,11712,20000
02527,66065,20000,
03320,66065,20000
c01,2306
p211
05112,04065,20000
02640,66065,77777
75154,11712,20000
03331,66065,20000
03277,66065,77777
75163,01710,20000
03354,66065,00000,00000,00000,77777
75035,01711,77777
75173,01710
77777
75737,37711
00144
74603,27710
c01,2351
p212
00144
74603,27710,30000
03535,56063,00000,00000,00000
76052,
75323,45711,00000,00000,00000,
c01,2370
p213
p214
a4114
00004
54001
50002,30000,24002,60000,54061
10001,14133,14133
24000,54001
40025,50061,55051
40001,50061,52751
00003,00002
c4137
p215
a07,2002
00004,54070
36211,71044,10000,02013
c07,2007
p216
34711,27044,02015
05604,01211,10400,02031,10454,02031,10530,02031,10604,02031,10660,02031,05604,01207
64711,55330,50000,54052
34714,51330,53777
05253,00065,12044,14570,05253,00066,12050,14570,34677,00006,70070,56001,27330
37667,05027
02346,16062,00003,14570
c07,2062
p217
34714,57330,10000,50000,54000,00004,44702,71331,55331
37716,55303
44711,00006,03012
00003,04570
c07,2102
p218
54016,30035,54362,30036,54360,30033,54357,30034,54361,30032,54363,00006,30025,52356,00006,30356,52014
56002,54012,
34705
c07,2126
p219
00006,02016,10000,02427
34704,00006,02016,10000,02300
34362,00006,02016,00006,12147,04574,17622
05537,00113,05222
c07,2151
p220
p221
34675,70076,00006,12167,36211,05475,01725,01734
36211,05475,00355,01725
15213
11330,02224,
36211,05475,00355,01674
36211,05475,00355,01725
34711,71044,00006,12216,34677,70101,00006,12216,34754,05027
02405,76067
15213,05537,00122,15213,05537,00114,15213
c07,2223
p222
67711,00006,62221,55330,40000,74701,27330
74741,54061,50000,56052,54062,64716,50061,54052
00006,30356,50062,52001,30357,50062,54002,30360,50062,54003,30361,50062,54004,30362,50062,54005,30363,50062,54006
37671,71330,00006,12273,15213,37667,05027
02421,16062,15213
c07,2277
p223
34675,70076,00006,12307,37716,55725,05222,11330,02314,05537,00112,05222
44701,71330,57330
c07,2316
p224
74701,10000,02325
05537,00110,05222
34741,71330,54061,44716,50061,26052
34677,61330,57330,77671,10000,05222,37667,05027
02346,16062,05222
c07,2345
p225
04555,20464,32426,04555,20476,12356,12367,12415
05425
05253,00003,12363,02365,04574,30176
05435,00032,34741,71330,55330,40000,51330,60052
c07,2374
p226
00006,62402,00006,74677,74712,51330,54052,00004,34715,05140
02412,16062,05423
34712,04633,17467,37671,71330,10000,12346,34333,55045,32425,12351,14431,14600
11341,12433
c07,2430
p227
12433,34714,64712,05140
02203,20067,15222
c07,2437
a10,2203
31341,00006,62216,44712,54354,30363,02220,30357,02220,30361,02220
04633,16152,
24354,
00006,50354
c10,2222
p228
20032,10000,12231,00002,12231,00002,67715,00006,62230
05537,00121
15213
c10,2236
p229
a43,2000
50154,02002
02130,02154
02244,02416,03202,03205,02522,03100,02541,12533,12301,12301,03153,02301,02601,02332,02642,02576,02506,02301,02307,02315,02320,02325,02476,02373,03032,03174,02511,02037,03721,03723,03725,03727,02710
02714
c43,2045
p230
03013,03016,02404,03004,02702,02705,02551,02556,02124,02570,02635,03021,03025,02734,03140,02751,02364,02744,03124,02124,13146,02301,02124,02301
11044,02124,30100,72127,10000,02124
34112,55044
30002,54155
34754,05103,34371,05103
44711,04170,02117
c43,2116
p231
00155,04400,05423
34714,02105
04400,04574,21176
24100
c43,2127
p232
02142,02133,02124
02275,04555,16516
04555,17516,02141
02125
44112,61002,00006,12474
24002,62153,00006,12474
02124
77670
c43,2153
p233
02142,02157,02201
02275,02076,32177,04555,30465,05423,12166
c43,2165
p234
32200,04555,20746
04555,16602
04555,17516,05423,05423
06226,12200
c43,2200
p235
31323,02276,02076,34751,54003
11314,02214,02211,04400,05537,00115
11303,02223,02223,02223
05537,00117,05423
32243,04555,20465,05423,02230
31773,55161,31775,55160,32200,04555,20746
34712,55303
05423,05423
06134
c43,2243
p236
02275,02076,32273,04555,20465,05423,02253
32274,04555,20746
04555,17012
04555,17516,05423
32272,04555,17125
04555,17516,05423,05423
02757,06335,12400
31322
c43,2275
p237
00006,16711,02124
04447,34215,00006,01007,04574
62001
00006,30033,53334,30034,55335,02125
05447,00006,02125
05435,00006
05435,00220,02125
05435,00006
05447
c43,2327
p238
00220,02125
c43,2331
p239
02076
32363,04555,20465,05423,05423,42362,60154,00006,12345,05423,00004,34714,54156,54001,52025,52155,53052,20155
07226,52155,20025,00003,05423,00027,
06230
c43,2363
p240
02717,02723,34675,05042
02002,66065
02125
05253,00002,02124,00004,34763,05042
02000,66065,02125
05253,00002,02124
c43,2406
p241
34763,05042
03737,66065,05301,00174,02125
c43,2415
p242
02717
32475,00006,02012,10000,12124
02463,02076,44726,00006,03012
32177,04555,20465,12450,02436,34752,54003
04555,42427
05555,42446
34711,05140
02453,66106,02463,15423,02125
c43,2452
p243
00006,31156,53477,31157,55500
04633,42462
05213
34706,70101,10000,00002,34706,00006,02030,10000,16706,00002
00030,02717,02076,00004,34677,05042
03565,64104,05112
05447,00020,02125
c43,2510
p244
40102,74105,00006,62124,34371,05027
03431,40106,02125
40102,74105,00006,62527,02124,34752,54003,04574,65521
c43,2532
p245
02717
02076
34676,05042
02330,56102
c43,2540
p246
40102,74105,00006,62546,02124
02076,04555,64000
c43,2550
a42,2000
34752,54003
34676,05103
32061,04555,20465,
05423,02012,02004
31466,74707,10000,12054,05447,00212,04555,40145
32060
c42,2022
p247
04555,20465
05423,02030,02022,31466,74371,00006,12046,40000,74371,00006,12046,00004,04633,13176
00003,04555,40276
32057,04555,20465
05423,05423,02046
05435,00212,02020
01460,01457,01056
c42,2061
p248
a43,2551
02076,34756,05103,04574,46332
02076,00004,40105,74707,26105,34754,05027
03150,72064,05112
c43,2567
p249
02076,00004,44707,70105,54105,02563
c43,2575
p250
05447,00025,02603,05435,00025,02076,30074,74704,00006,12632
30075,74706,00006,12632,
30075,74702,00006,12625,34763,05027
02445,76067,05112,34763,05027
02445,76067,05112,05537,00406,05423
c43,2634
p251
34753,56003,37716,55725,02125
c43,2641
p252
34704,70074,00006,12125
05447,00010
34706,70075,00006,12125
05447,00031
05447,00027
05447,00007
34752,54003
04555,54245
37716,55303
06006,77624,27371,77776
05261
c43,2674
p253
00002,00001
00004,04574,12632
05447,00026
12125
05435,00026,12125
32713,54335,02125
03532
05435,00125,12125
c43,2716
p254
31011,00006,16711,12124
00006,32733,53313,44105,70102,54102,00002
03132,02106
c43,2733
p255
02717,02076,00004,34676,05042
03603,70064,15112
00004,44712
c43,2745
p256
70101,54101
02125
02717,02076,34712,55376,34714,55362,33242,55361,03517
23372,23373,33241,54156,32777,04555,20465,02774,03630,02764,33242,55371
05423
01201
31376,00006,13333,03517
02717,02076
34754,05042
03215,62064,05112
c43,3012
p257
05435,00120,02125
05447,00120,02125
06006,77414,04466,02125
06006,77414,04666,05520
02125,
34676,05042
03037,66103,05112
06006,77624,27371,43014,04064
c43,3043
p258
04303,67050,77614,04264,77776,33076,05475,01554,01626
00003,06006,77624,26662,45154,02150,20237,17624,20263,77776
33077,50120,54052,04574,27406
77634,21176
00051,67074
34676,05042
03105,66103,05112
06006,77624,27371,43014,04063,04304,67116,77614
c43,3114
p259
04263,77776
33076,05475,01626,01554
13055
34700,70105,00006,12124
05447,00213
05253,00027,02124,05301,00112
02677,
02076,34756,05042
02746,10104,15112
05435,00221
c43,3147
p260
34714,04574,10010
05253,00026,02124,33173,54003
44756,71751,55751,31330,54021,30021,30021,74756,64701,27751,02125,02751
02076,34754,05042
03571,60105,05112
05435,00177,12125
05447,00177,12125
c43,3207
p261
p262
p263
a42,2062
52152,51002,32133,54146,51002,32277,54147,41002,64726,00006,62100,34712,54140,02116,34711,54140,51002,32777,54153,34747,70146,54002,50000,32563,54150,00006,50002,32565,52152,52006
c42,2117
p264
52124,00006,50000,32514,52124,52006
52124,00006,50000,32444,12124
00000,40000,40000,40000,00000,01045,01131,01003
01363,00375,77776,00000,01051
00000,00000,77777,01051,01333,01155,01155,00032,00037,01155,00000,01051,01045,
01045,01362
c42,2166
p265
00000,01045,01045,01045,02345,03412,01045,03660,00024,03662,01516,02640
64000
02003
24006
24011
64014
64017
02022,22025
22030,
24033
64036
22041
00044,24047
c42,2220
p266
24052
24055
22060
20063,24066
24071,24074
24077
24102
64105
24110
24113
24116
24121
24124
24127
04132
04135
24140
c42,2243
p267
00000,00000,00000,00000,00000,00000,00000,64170
24173,00000,24201,24204,24207,24212,02215
24220,24223
24226
02231
02234
04237,02242
04245,04250,04253,04256,24261
00000,04040,04140,04102,00000,00504
c42,2304
p268
02000,04000,04000,04000,00000,00000,02000,00000,00000,00000,24400,04102,04102,04102,04102,04140,04102,00000,24400,04140,04000,00140,00000,20102,04140,24400,24400,24400,24400,24400,24400,24400,24400,24400
24500
00542,24410
20204
00410
10000
00000
c42,2355
p269
00306
00614
00510
00417
00204
00004,10507
10507
10200
00444
00010
24510
24512
10440
00204
20451
00457
36460
00000,37044,
10217
34444
35004
00000,00000,00404
00000,00000,
c42,2411
p270
00000,00000,00000,00000,00000,22440
24512
00000,24512
24512
24512
22451
00102,00000
16143
10507
00102,00102,06143,00102,04102,04102,00000,00000,01162
00006,03240,00000,00000,00000,00000,10707,03435,13070,34345,00005,21616
c42,2456
p271
26113,31713,00070,20460,01065,05740,11414,31463,07475,16051,00001,03434,00002,22245,00014,35607,07606,06300,16631,11307,12000,00000,27176,14235,16102,14000,07475,16051
05174,13261,00000,00000,00000,00000,00714,31463,13412,07534,05605,03656,00001,16170,00441,34306,07176,21603,15340
c42,2535
p272
15340,01031,21032,34631,23146,14340,24145,02363,03721,20373,02122,00424,30446,00631,23146,00260,06213,11036,06144,01031,21032
03660,03653,03425,01045,01046,00000,02363,02365,03653,01103,01105,01107,02351,02353,02343,01125,03660,03625,03066,03067,00000,03074,03073,00000
c42,2612
p273
03025,03026,00000,03501,03503,03505,02355,02353,02343,02320,02322,00000,02632,00000,00000,02320,02322,02324,02320,02322,02324,03645,03743,03753,03633,03631,00000,02610,00000,00000,02640,02634,02636,02610,02612,02614,03721,03766,03770,03400,03402,03326,03722,03736,03734,03713,03724,03726,03637,03722
c42,2674
p274
03713,00013,00013,00013,03315,03675,03715,03713,01103,01105,03315,03722,03677,03315,03174,03766,00735,02751,02752,00735,02751,02752,02616,03753,01132,00000,00000,
00000,
00000,
00000,
00000,
00000,
00000,
00000,
00000,
00000,
00000,
00000,
00000,
00000,
00000,
00000,
00000,
00000,
00000,
00000,
03660,03653,03425,03404
c42,2756
p275
03406,03410,00000,00000,00000,03674,03676,03700,03537,03541,03543,03664,03666,03670,03404,03406,03410,03730,03732,00000,02765,02767,02771,01103,02357,02361,02320,02322,02324,00036,00035,00000,02773,02775,00000,02757,02761,
02763,03730,03732,00000,03722,03723,03724,01333,01334,01335,01045,01046,01047
c42,3040
p276
01050,01051,01052,02320,02322,02324
16351,00142,16347,16512,22347,24454,00000,00553,00143,06347,
22347,00512,00012,24344,24344,24503,00512,00007,16347,16347,
24503,06512,16512,22507,16505,20410,16352,24507,24512,24252,
00000,00000,06352,00000,00000,00000,00000,00000,00000,
c42,3115
p277
00000,24511,16347,00000,16347,16347,16347,24512,00302,02041,10347,24344,00302,00302,16347,00302,04102,04102,06143,06043,06252
c42,3142
p278
a23,2000
47133,00006,45510,41434,46027,72556,66606,00004,41434,45510
41346,00003,14041
41356,77626,63734
77746,24045,00041,76521,06302,00041,77616
32323,26154,34676,07256,06030
c23,2033
p279
77220,00034,02766,77624,47577,76521,06260,26766,15330,26555,15326,26563,15324,36571,46076
c23,2052
p280
47020,00034,45657,64375,02714,06260,77772,26555,02722,76521,06260,26563,02730,76521,06260,02571
47034,45657,45673
47375,02571,02766,77600,46103,40056,46145,00027
57441,02555,24023,00027
77641,02543,34021,47211
c23,2115
p281
77634,45543,26774,02766,77600,46124,72441,02571,77726,62440,46142,45200,46142,06331,77634,45543,02776,77614,01630,00034,77614,01430,00034,77745,06325,16774,06327,02776,77614,01630,00034
c23,2154
p282
a10,2237
43414,04756,20242,53775,01521,57605,53655,01535,57576,25171,01527,53257,57602,01543,77657,57576,15177,01517,01205,77616
53775,01521,57605,53655,01535
c10,2267
p283
57576,25722,01527,53257,57602,01543,77657,57576,01730,77616
c10,2301
p284
a23,2155
44301,00160,06212,77776
07171
00002,00000,00000,01001,14636,00325,07310,00541,16735
34714,54156,00006,32214,52155,52160,40000,07256
52156,52155,52160,20155,06006
77616
37777,37777
c23,2212
p285
00542,34414
c23,2214
p286
p287
47375,01714,03452,03460
77635,01714,17466,03606
56204,57314,06256,41400,46245,45346,15330,65361,03466,74356,03460,76455,53455,03452,03474
77616
75345,06256,03606,77621,03606,03606
77650,46225
01015,34732,15373,11346,00000,00000,67313,65307
c23,2264
p288
00000,00000,20000,00000,00000,00000
10464,12470,00000,00000,15373,11346
15373,11346,00000,00000,10464,12470,00000,00000,20000,00000,00000,00000
67313,65307,00000,00000,15373,11346
c23,2322
p289
07020
60000,00000
61740,77777
07020,00000
c23,2331
p290
a06,3262
33516,56003,54163
11477,13271,13271,13407
00004
34710,54132
50132,31453,00006,50132,71162,54002
30001,00006,74705,50132,55163
30002,00006,74705,50132,21163
50132,41452,00006,71074,00006,74712,50132,21163
10132
c06,3324
p291
67716,13273,13330,00003
c06,3330
p292
55477,54130
00006,41163,52155,31463,03412
00006,41165,52155,41466,03412
41460,03441
00006,41165,52155,31464,03412
00006,41167,52155,41467,03412
41461,03441
00006,41165,52155,31470
c06,3366
p293
03412
00006,41167,52155,31465,03412
31462,03441
c06,3376
p294
11477,13402,13407
34764,05027
03474,14063
00003,30163,54003,14570
56154,00006,70154,52123
30155,00006,70154,54001,34714,20123
30122,00006,74677,50130,21472
30123,00006,74677,54001,34714,50130,21472
00002
c06,3440
p295
00006,22131
00006,71074,22155,00006,74707,50130,21472
30155,00006,74707,54001,34714,50130,21472
34711,60130,56130,50000,11471,13470,00131
77716,10000,55477,00131
c06,3473
p296
34710,54130
50130,31472,00006,74703,50130,55472
34714,50130,57471,00006,74703,50130,21472
10130,67716,13475,01471
33516,04555,17125,04555,17516,15112
34710,54130
50130,31472,00006,74703,50130,23472
10130,67716,13526,01436,15112
c06,3541
p297
11477,13546,13546,15112,
00004,10076,15112,15112,13553
30025,57074,00003,40000,61074,10000,64712,13567,13565,15112
40000,64672
00006,74701,52123,00006,30123,52155
34714,55477,54130
41460,03617
00006,40123,52155,31461,03617
00006,40123,52155,41462,03617
c06,3613
p298
11477,13474,15112
c06,3616
p299
56002,54131
30002,00006,70154,50130,21472
30002,00006,70155,54001,34714,50130,21472
13461
04555,17075
11477,13644,13644,15112
37665,57004,40000,61246,13560
c06,3650
p300
p301
p302
p303
p304
p305
p306
p307
p308
a40,2000
34712,57012,54115,11042,02006,02013,42057,60154,00006,12013,
04410,56154,54117,50000,02017,03335,02076,02076,02076,02076,
02076,02076,02076,02062,02062,03335,03335,03335,03335,03335,
03335,02074,02255,03504,03325,03335,03335,03335,03335,03335,
03362
c40,2050
p309
02310,02275,02060,03335,32370,02271
00022,04574,62002
10777,02067,02067,05112,05112,36214,71000,10000,02076,03335
34714,54117,10777,02103,02103,02102,05112,02225,11015,34714,55015,02110,50117,34072,74362,54124,30777,54143,03225
c40,2116
p310
36214,71000,10000,02133,50137,57001,54022,40022,40022,56022,60117,02150,50137,57001,54154,34714,54155,34377,07256,56155,60117,54155,02150,26154,02166,50137,55001,40777,50137,62216,00006,12160,02213,36214,71000,10000,02166,40777,02214,44712,60137,00006,62164,07052,
02223,36214,71000,50000,02177
c40,2177
p311
02204,00006,40156,52156,56156,50137,55004,56155,50137,55001,02164,10777,54777,05112
00022,00020,00012,00005,00000
05174,13261,
50777,32231,54137,00002
00004,00004,00004,00004,00004,00003,00003,00003,00003,00003,00002,00002,00002,00002,00002,05642,00001
c40,2251
p312
00001,00000,00000
34714,55001,34374,54777,02502,34712,55000,34714,55013,34233,54136
05112,34714,55002,34375,02260
02347,02334,34711,50137,64704,27000,11015,34714,55015,02307,05112
02347,02314,34712,02300
22002,02225,50137,32342,54123,64712,54122,34714,54124
c40,2324
p313
56123,03307,34700,54124,56122,03307,00001,22002,02225,50137,32342,54122,64712,54123,02323
00005,00003,00000
22002,36214,71000,10000,05112,44333,02363,44334,02363,44335,02363,05112,60777,00006,12367,00002,00001
c40,2367
p314
10777,64712,02374,64712,50000,32231,54137,11015,02406,02403,02403,30137,02430,02423,10137,54137,02430,32500,27013,30137,54125,00006,27001,04555,62337,30125,54137,02426,25015,05112,22002,02441,67715,10000,00002,05642,05112,00002
54777,22002,02225,34714,50137,55001
c40,2443
p315
50137,55004,54124,50137,44704,71000,72501,55000,50137,32471,
54143,03225,50137,32474,54777,02502,44711,26777,02502,50137,
34331,54777,00001
00016,00005,00004,00015,00011,00003
77774
30777,54021,42515,00004,50021,57023,00006,62513,25016,00003,00002,04000
c40,2515
p316
a41,2000
03534,02771
34714,55015,34233,54136,11013,02035,02035,02012,32033,61013,00006,12027,36214,71000,10000,02023,02027,10777,02350,02350,02027,41013,55013,04447,01013
03421
c41,2033
p317
00034
34714,55000,44374,54777,41001,55041,62034,00006,62133,00006,32114,52006,50140,02052,02055,02221,10146,02131,02350,02064,25017,04325,02120,34674,55015,44233,60136,00006,12073,02116,02306,11000,04161,44374,54777,11042,02104,02105,02104,04443,57005,04317,00006,32114,52006,02133
c41,2112
p318
02062,64101
77772
30156,04317,44715,61001,00006,12133,34335,54777,31017,03353,02133
64712,04317,42145,61001,10000,64712,02141,02146,54154,04473,04574,66000,00050
51001,32151,04577
62350,62364,62372,62377,62357,62352,62520,60675,62350,62350,61323,63220,63220,63220,63220
c41,2167
p319
63220,63220,63220,62350,62350,62350,62726,62737,62754,62677,62612,62350,63343
62350,62350,63456,63502,61360,61343,61351,63603,12347,63420,62350,62350
c41,2220
p320
10146,02226,02350,02226,02226,46211,61001,00006,62233,02133,34711,54117,62260,54145,50117,30150,54122
03027,02261,02246,24122,30122,74372,04327,50000,30000,50145,56000,10117,02234,22133
00125
50000,12263,00002,00002
c41,2264
p321
00002,00002,12300,12300,00002,12300,00002,00002,12300,20002,00002,50002,00001
34333,12307,34334,12307,34335,54777,40002,55013,04555,60437,04443,00136
55002,56002,54117,00006,32114,52006,10146,64712,12331,12332,12332,04317,34375,54777,31002,12344
55001,56002,54117,34374,54777
c41,2342
p322
31001,04574,61222,00117
04161
04574,61323
c41,2351
p323
p324
44711,02423,50145,40002,56132,44712,02423,50145,40001,56131,02442,02465,50145,40000,56130,02404,44712,02436,50145,40001,02370,44711,02436,50145,40002,02370,44711,61001,10000,02412,00136,02412,54122,50000,34333,54777,50122,40130,03353,56122,02406
54123,22002,02512,04345,76214
c41,2427
p325
60123,10000,00001,05642,02350,00001
54123,22002,02442,02425
00006,22156,02512,74675,10000,02350,00156
22002,02512,74675,10000,04161,00001
22002,02512,10000,00001,00001,02350
22002,30146,64712,00006,12503,50140,02473,02476
c41,2474
p326
00001,03021,02261,00001,24145,00001
00006,51017,00000,40000,12370
00147,00146
50140,32507,50000,30000,74364,00002
02512,04345,76214,54117,54122,60145,50000,40000,50122,57003,10122,02524,34714,54155,54156,50117,34333,54777,50117,41003,54154,03042,54123,00006
c41,2547
p327
32562,52006,50140,02553,02557,03027,02572
03021,02572
02120,64101
04555,61131,10117,02570,00136,54117,02534
50000,32575,04577
61321,62563,60516,60603,60614,60621,60524,60623,65143,65216,60621,60610,60636
c41,2611
p328
a40,2516
34714,54156,02555,02523,02550,02566
10154,56154,02531,02540,67716,62600,54154,02536,34674,26154,34711,02517
56154,62602,10000,02532,05642,64712,40000,02532
00006,50156,32577,52124,00002,
10154,00002,00002,12561,44674,70154,54154,50002
c40,2564
p329
00001
00006,50156,32577,52155,07256,52124,20155,02606
05605,03656,16314,31463
16040
52124,52155,04431,04574,62563
52124,52155,04431,02615
02627,56156,56155,54154,02606
02627,02606
02627,36211,03056,02606
c40,2626
p330
56002,54162,02653,07226,07052,00123,00162
02437,02314,30154,03211,46214,50117,64333,54777,02653,30155,03211,04574,62565
56002,54144,50140,02656,02673,50117,30150,74372,04327,00006,50000,30001,52155,34714,54156,00144
30145,02664
c40,2674
p331
a42,3143
04555,60653,07226,03332
07052,03204,34335,54777,04555,61131,03350,33206,55614,55007,33207,56155,04431
34334,54777,04555,61131,00006,33213,52155,31007,04431
34333,54777,04555,61131,00136
25660,31742,01727,01217,00011,32445,32104,10422,05174,13261
c42,3213
p332
00000,00062
04555,60653,07226,10154,03224,03255,63312,10000,03241,03255,03255,10155,03234,03255,63313,10000,03241,03255,03255,10154,33315,03252,43315,54154,43316,54155,33314,03333,54154,33316,03247,03317
33310,07256,46214,26777,04555,61171,34714,54124,44711,50117,64333,54143,04555
c42,3272
p333
61225,03350,56155,00006,73311,52155,50117,34333,54777,04555,61171,04574,62565
23147,23346
77753,41126,03256,00025,37016
10155,13327,13327,13323,00006,43215,20155,13332,20006,33215,13325,56002,54144,07052,03202,00006,30155,53010,04420,04420,34714,56156,56155,56154,00144
c42,3347
p334
56002,54144,31010,00006,74710,00006,74676,22155
31007,54154,07052,03210,00144
c42,3364
a40,2675
50140,02676,02701,03323,00006,50145,30001,52155,34333,54777,34714,54156,07226,03176,00136
c40,2713
p335
a41,2612
44711,02423,02457,33001,02336,02302,33002,02336,02304,33003,02336,02306
46211,03004,00006,32114,52006,34714,03070,50145,54000,34712,03070,50145,54001,34711,03070,50145,54002,44716,61002,00006,12654
c41,2652
p336
02771,31003,04320,31005,00004,00006,12670,50145,40000,71004,50145,26000,02675,41004,50145,70000,50145,54000,00003,02771
44712,02423,02457,33001,02336,02302,33002,02336,02304,44715,03004,00006,32114,52006,34714,03070,50145,54000,34712,03070,50145,54001,02771
02302,00006,32114,52006,34714
c41,2732
p337
03070,50145,54000,02771
44712,02423,34674,55015,02304,00006,32114,52006,34712,03070,50145,54001,02771
44711,02423,34674,55015,02306,00006,32114,52006,34711,03070,50145,54002,02771
34714,55000,44714,55014,44374,54777,04574,61450
00025,00026,00027
54117,41000,54021
c41,3006
p338
40021,40021,10000,13014,00002,60117,00006,13020,04161,00002
56002,54114,34363,70147,04336,00114
56002,54114,50117,33061,54001,50117,34362,70153,50001,00000
00114
56002,54114,50140,03045,03064,50117,33061,54001,50117,34362,70147,50001,00000
60000,00114
03020
c41,3061
p339
04336,04345
34362,70147,60000,00114
54117,56002,54115,34714,54162,50117,57006,54155,50117,57003,54154,50140,03104,03132
50117,30150,74372,04317,00006,60117,54145,11000,03165,02451,03027,02261,03150
24145,30145,26117,34714,50117,53777,03150
04325,11000
c41,3133
p340
03165,02451,03021,02261,03144,34714,54117,03123
30146,64712,00006,13154,56154,00115
02126,64101
44716,61017,00006,12771,30154,00006,51017,01000,02771
03042,54123,00006,33153,54006,50140,03173,03177,03027,03200,03021
50000,33203,04577,62347
c41,3203
p341
60774,60714,60764,61017,61044,61002,61017,65365,61323,61051,60777,61323
c41,3217
a40,2714
07052,02757,10155,34700,02722,44700,60155,03070,04420,04420,03077,04420,10154,02735,02735,40000,54154,10162,02753,02747,10154,05642,02751,02744
c40,2743
p342
56154,74672,54154,04574,63150
44672,02746
40154,74672,40000,02746
26161,30707
21616,07071,71527
07052,00123,56156,56155,56154,00006,12774,04161,03066,03077,02747
07052,00123,02774
10154,03007,03007,04161,04161,32763,26154,07052,02761,34677,60155
c40,3014
p343
03070,02725
07052,00123,56156,60000,54156,34714,60155,03070,03077,50140,03031,03042,30117,60145,54002,56155,50002,54001,02747,34714,03034
07052,00123,36211,03056,03021
07052,00123,34711,03056,03021
56002,54124,56002,54123,04420,10123,03061,00124
c40,3065
p344
56155,60000,54155,00002,60154,54154,00002,54162,00002,
10162,04161,00002,04161
c40,3102
a42,3365
03506,07052,03447,03456,34714,54156,33451,54154,33452,56155,07256,03467,52156,52124,31004,23007,52155,07052,03447,03456,43454,03474,56155,00006,73453,20124,00006,13422,04161
c42,3421
p345
31005,23010,52155,07052,03447,03456,43455,03474,52124,20155,00006,13437,04161,34714,54156,07226,52155,50145,52001,04574,62771
00006,03240,00025,37100,13560,00073,13557
56156,60000,54156,34714,60155,54155,34714,60154,56154,10154,04161,00002,04161,00002
54156,10155,64712,13501
c42,3477
p346
64712,60156,00006,63505,04161,00002
43513,71000,63513,10000,03516,77743,03516,00002
44113,55041,04161
c42,3520
p347
a41,3220
43227,71017,54155,40136,64233,10000,03235,60000,03235,34675,26155,34714,55022,36043,71001,04345,54022,40022,56022,61002,54154
c41,3244
p348
34714,55012,11042,03252,04516,00004,11020,03261,34712,05140
03265,62101,52155,53021,00003,00136
04414,11021,03273,03273,03304,03304,33310,05140
03265,62101,34371,05027
03311,62101,05213
34714,55020,55021,05213,00144
11021,03316,03316,05112,05112,11012
c41,3316
p349
03341,36043,71020,02316,34160,71020,63337,54023,30023,55001,33340,54136,43227,71021,54156,02046
c41,3336
a4140
34160,71022,00006,14145,04146,31020,54023,30023,04555,62336,34714,55013,31022,04271,04157,05112
37600
c4160
a41,3337
75377,04140
c41,3340
p350
04410,05112
34333,54777,31047,54001,31017,04610,03353,05112
c41,3352
p351
a40,3103
56002,54144,10154,03116,03116,64712,54154,02334,40155,54155,00144,02314,00144
00006,33164,20155,00006,13130,00006,34672,52155,00002
56002,54115,03103,03120,34710,54137,34377,07256,50154,34072,74362,54124,34714,56156,56155,54154,56777,54143
c40,3152
p352
10000,54777,03225,10137,03136,44374,54777,00115
00000,02476
56002,54115,03103,03135
56002,54115,03103,34712,03136
56002,54115,34714,54124,36214,03307,34710,03307,03103,34334,03136
c40,3210
p353
00006,73221,22154,34714,54155,56002,54115,03174
00244
03211,04574,62346
c40,3224
a41,3353
54022,56002,54115,34675,26777,34710,54137,40022,40022,40022,40000,74716,50000,34072,74362,54124,56777,54143,10000,54777,04574,61315,10137,03361,44374
c41,3403
p354
54777,00115
54020,56002,54115,34712,54137,40020,40020,56020,54022,03366
c41,3417
a40,3225
56002,54114,34362,70143,54021,56021,54141,34712,70143,10000,03241,03251,56124,04354,54124,34675,70143,10000,34711
c40,3247
p355
64712,54143
00004,50141,11023,03257,05642,64712,54142,50143,73303,00006,60124,00006,13301,50143,43303,70142,60124,40000,50141,57023,00006,63301,25016,00003,00114
00037,01740,02000,03740
54141,34711,54143,56002,54114,03252
03225,33320,04577
c40,3317
p356
63401
44374,54777,43342,60136,00006,13337,43341,60136,00006,13334,03335,04220,04400,05112,05622,01501,04140,04216
c40,3342
a4161
04400,41041,55013,04555,62336,04574,62002
c4167
p357
a41,3420
03442
34706,70777,00006,13426,04161,34714,57002,54154,34375,54777,04555,60502,44374,54777,30154,04574,10010
40002,55013,34375,54777,34714,55002,04555,60502,04443,34712,55000,00136
c41,3455
p358
34712,71045,10000,03500,34365,54154,44712,71045,54160,04473,34233,54157,00006,31047,52156,30160,00004,00154
34370,03463
34366,54154,31045,03466
c41,3505
a40,3343
34712,55014,04220,04473,04447,03450
c40,3350
p359
44712,03344
34714,55013,44374,54777,03343
44714,03344
c40,3361
p360
44710,00006,03011,10115,34675,71021,10000,03400,04473,11042,03376,05112,04574,21176,34714,55012,11042,05112,04516,05112
c40,3405
p361
p362
a4170
22007,54123,34675,71021,61012,10000,00002,34712,60002,55037,23022,04220,34215
56006,00006,04007,55040,34215,00006,01007,02000
62101
53040,05122
c4217
p363
a41,3506
64716,00004,54124,44677,50124,57023,10000,25016,03517,10124,03512,00003,50123,03530,03525,55001,55002,55015,44374,54777,04447,03556
33560,54136,10123,03543,02350,03506,02350,36043,70123,54157,30123,54023,30023,54160
10157,03561,30160,02336,34714,55013,04216,10160,03566
c41,3562
p364
30157,02316,04216,30156,54161,30160,02336,30157,02316,34714,55014,55015,55013,30161,54156,02035
c41,3602
a4220
34674,55021
00002
c4222
p365
22002,04234,04240,30001,74747,60004,55042,05070
05112
11042,04243,00002,04243
11043,04243,00002,05622,01206
34215,00006,01007,34256,55013,44374,54777,04574,61351
00042
c4256
p366
34215,00006,01007,34270,55013,44374,14777,04574,61343
00041
74716,54123,34675,71021,61012,10000,00002,24002
10123,14304,00002,22002,34316,56006,00006,04007,52131,34215,00006,01007,03406
60101
c4316
p367
a40,3406
30777,54132,34712,03430,34333,02436,34711,03430,34334,02436,34710,03430,34335,02436,30132,54777,52131,05123
70123,10000,00002,50002,00002
c40,3434
a04,2537
56002,54154,00004,34371,05027,
03435,60101,00003
c04,2546
p368
a40,3435
34376,56777,54140,11011,64712,03211,03445,02502,56140,54777,05112
11042,03453,05112,34714,57042,00004,05074,11014,03502,05112,03500,34711,10064,60164,50064,54164,31002,54001,31001,50064,52155,00003
c40,3475
p369
04473,05112
34714,03464
34712,03464
c40,3503
p370
a4317
55017,54003,74373,64744,54145,00002
31017,14320,
54003,74373,64744,00002
00016,00011,00004,
54020,40020,40020,40020,40020,56020,00002
54022,40022,40022,40022
c4350
p371
40022,56022,00002
60000,60000,60000,60000,60000,00002
00037,01740,76000
05027,05140,05213,05042
30000
03777
00377
00023,00021,00025
00012
34704,00006,05011,00002
44704,00006,03011,00002
34706,00006,05011,00002
c4413
p372
00006,30025,52014,00002
00006,30156,20156,60154,26154,54007,20002,54162,00002
54135,10000,30135,17257,14433,44714,54154,54155,54156,00002
34705,00006,05011,00002
44705,00006,03011,00002
c4452
p373
p374
44460,60002,60004,04574,10550,02003
c4460
a04,2550
54001,04234,04240,04410,30001,55043,05070
c04,2556
a4461
22007,54123,34675,71021,61012,10000,14471,14200
24002,14453
56002
c4473
p375
54144,44675,00004,71021,55021,11043,04504,04507,34714,57043,05074,00006,44706,00006,03011,34714,55012,00144,56002,54144
11043,04523,04507,34714,55012,00144
c4525
p376
p377
a41,3603
00004,44712,71321,64712,55321
33644,00006,05011,33645,55036,34701,00006,05013,34377,54117,43642,50117,55023,10117,03621,43643,55024,55027,55031,34717,55016,33647,05140
03650,62102,05112
05675,07675,00175
40650
c41,3645
p378
00115
00764
34371,05027
03655,62102,05213
43646,00004,00006,03011,44701,00006,03013,34707,00006,02012,64674,55036,43710,71321,64763,55321
43711,71320,64762,55320
00003
04555,10537,04220,04447,04574,61372,16001,55000
c41,3711
p379
a40,3504
56115,55012,00004,34701,00006,05011,33567,71036,64674,55036,44763,71321,64763,55321,44701,71320,64701,55320
44701,00006,03013,43565,00006,03011,34377,54117,00004,50117,11023,64712,03547,64712,40000,73570,03552,40000,73570,40000
c40,3551
p380
50117,55023,00003,10117,03535,34714,54375,54376,54377,55357,05112
00104
00240,00050,73777
c40,3570
p381
a27,2000
04604,55146
34705,70101,10000,12013,06006,77624,56126,01156,77776
32125,04555,21036,02114,02023,12052
02056,05112
34705,70101,10000,12034,06006,77624,56126,01156,77776
34371
c27,2034
p382
00006,06031,77707,00006,12043,12013
32125,04555,20602,02056
04555,17547,12013
05447,00124,31146,04577
40100,74677,10000,00002,30002,54156,46214,60133,55053
05301,00071
34704,05415,00156
34706,70075,00006,12111
05435,00077
05435,00024
34714
c27,2104
p383
55303
34761,05103
01053
05301,00111
05112
31011,00006,12052,30100,74677,00006,14106,04550
20100,01422
c27,2125
p384
p385
40020,06610,56131,47164,03320,44376,34032,44405,61375,03357,03321,77656,00035
53435,03351,57400,56256,17343,00045,50025,16327,56256,50375,03351,00035,65552,77624,44530,75160,03320,03425,77624,44304
51545,00007,50025,16314,56246
51545,03351,51025,16316
c27,2177
p386
56246,77775,77626,50442,77626,50450,77626,50456,03327,57444,56213
50035,03351,56222
57575,03351,37343,56225,77775,03351,03343,51545,03351,51025,16320,56235,52145,16324,56237
77745,16322,77624,44530,75160,03320,03425,77624,44304
45160,00000,44655,40234,45547
c27,2252
p387
00001,77650,03310
50375,00035,03351,72240,56266,00032,77650,03310
47375,03327,15330,47256,03351,40056,56310,17343,00045,50025,16327,56310,77775,03343,17343,15330,77650,56160,52175,15330,56304
15555,35172,14113,36326,07701,35703,04343,21616,03070,34344,00000,00001
c27,2326
p388
00000
c27,2327
p389
34745,04555,20624,15423,12336,12330
05435,00124,04555,56000,
15423
c27,2342
p390
a22,2000
06006,77634,44376,03262,72364,03320,03262,77624,44405,72364
03425,01156,77624,44405,45160,03320,44334,77775,77626
50474,77626,50502,77626,74510,75160,03266,03425,77624
44304,45575,50335,77626,50343,77626,74351,45001,00023,44343,45575,50474,77626,50502
c22,2051
p391
77626,74510
45345,03271,03430,45325,03432,03273,45325,03301,03440,77666,03311
43345,03426,03446,43225,15322,03436,03317,77726,03365,51025,04367,44111,77776,00004,44712,55332,03301,12727
45345,03365,04370,77244,44123,03311,77656,03343,77650,44736,53375,03426
c22,2124
p392
03267,77762,27267,03434,74455,03275,27275,03442,74455,03303,03303
70545,03317,45325,15330,03317,65204,45707,03307,56225,00001,00003,65366
03277,56225,00001,00003,65366,03267,56225,00001,00003,55566,77656,03343
45345,03343,03345,71240,44203,03343,50025,03347
c22,2177
p393
44260,77650,44234,45345,03345,03347,77640,44260
51145,03313,44216,57575,03343,03343,51145,03271,44224,57545,03343,03343
51145,03301,44736,57545,03347,03347,77650,44736,51145,03311,44242,57575,03343,03343,51145
03271,44250,57545,03345,03345,51145,03273,44736,57545,03347,03347,77650,44736,51145
c22,2260
p394
03315,44266,47575,03343,03343,51145,03273,44274,57545
03343,03343,51145,03301,44736,57545,03345,03345,77650,44736
c22,2303
p395
77601,00001,64743,77762,77770,55523,77776,64717,00001,77760,64723,77766,
77774,63666,00001,64723,77756,77764,55523,77772,41517,00001,77650,44343
76601,00001,00001,62713,00007,20015,77606,65345,00003,00007
14003,77626,63770,00005,77725,00015,14005,77626,63762,00013,77725
c22,2360
p396
00017,14013,77626,77760,77616,00013,17071,
15667,33555,67777,04000,00217,17773,00004,30034,54156,00006,30033,00003,16445
66370,00003,00051,00001,00010,77601,00001,47133,00013,45510,00013
65356,00013,41546,71300,44414,00007,72405,00013
c22,2427
p397
10001,77745,00005,65205,00001,00007,41205,00011,00003,44352,00015,77752
10003,77745,00003,65205,00005,00007,41205,00011,00001,77752,72415,00017
10005,77745,00011,10007,77745,00013,72405,00003,10011,77745,00013,57405
00001,77752,10013,77745,00005,57405,00013,77752,10015,77745,72405,00011,41325,00007
c22,2511
p398
00001,72415,77626,67760,77745,72405,00011,41325,00007,00003,72425,77626,67756,77616
41401,00001,65356,41546,65302,41021,15330,45707
77725,03343,41316,00005,52415
c22,2544
p399
00003,77604,45707,17426,03345,41316,00005,52415,00003
77604,45707,17436,03347,41316,00005,52415,00003,77604,45707,03446
41345,03343,03345,72405,00005,41325,03347,00001,43206,00007
41112,45707,17434,62421,77604,45707,
17430,03343,21205,03347,00005,65352,03345,41405,00001,62415,00007
c22,2623
p400
77604,45707,17432,62421,77604,45707,17442,03345,41205,03347,00005,65352
03343,41405,00001,62415,00007,77604,45707,17444,62421,77604,45707,03440,77616
c22,2654
p401
67543,00007,71406,41152,45707,00051,57543,00015,67471,00051,51123
00001,44703,57545,43244,44700,15330,77650,44702,77625,15330,77606,57543
00013,67471,00051,51123,00011,44723,57545,43244,44720
15330,77650,44724,52025,15330,44724,77745,43466
c22,2724
p402
00004,03272
00004,03245
34711,05140
03237,44106,15112
c22,2735
p403
77614,01074,70740,01130,04772,45002,44530
74343,04772,03343,77721,05004,17311,03365,55605,05002,04772,77661,20606,27317,03311,77761,05026,03275
77614,01035,45033
00042,15053,00221,24255,00554,02660,05540,26603,00003,04000
c22,3002
p404
03146,14632,00000,00000,00000,00000,00000,00000,03131,11275,77461,47370,00000,00000,00316,30407,03131,11275,00004,05253
c22,3026
p405
41332,00006,62725,06006,75160,03320,03425,77624,44304,45575,50442
77626,50450,77626,74456,45160,03320,44655,77634,45547,03267,77414,01215
45142,34711,55664,60000,55665,51664,31666,00006,51664,21661,00006,73141,51665,53576
c22,3073
p406
51664,31666,51664,57661,51665,55646,11664,13060
00003
03115,13206,34712,05140
03232,44106,00003,15112
00006,40025,53673,00006,31717,21673,11672,00002,13127,13137,
11673,00002,13133,40000,63205,00006,63137,24002,24002,00002,03146
77776,00006,30025,21717,00006
c22,3146
p407
43205,21717,00004,44712,55332,41130,66211,00006,63161,13164,41501,74674,27501,53711,53526
53713,53530,53715,53532,31675,55564,31677,55565,31701,55566,30025,63205,57671,13057
00000,00144
00004,40025,61671,10000,64712,13216,64674,40000,05140
03225,44106,00003,33205,27671,15112
c22,3224
p408
37663,05042
03027,44106,05213
c22,3231
p409
03256,03303
31155,55646,03245,31327,54063
34714,53326
05053
05213
34714,55575,55576,55525,55526,55564
44674,71501,55501
34714,55577,55600,55601,55602,55527,55530,55531,55532,55565,55566,00002
30032,55646,30033,55650,30034,55652,00002
c22,3300
p410
31155,55646,31156,55650,31157,55652,00002
c22,3307
p411
a04,2557
52134,52365,24364,30006,74747,26365,50364,27777,04561
02574,02573,24364,24364,52365,52006
c04,2575
p412
22164,50001,30001,24001,24001,52365,06006,77624,00364,77776,22365,16010
c04,2611
p413
05074,44700,50064,26164,00072
c04,2616
a33,2000
03426
03133
05243,00007
c33,2003
p414
34714,55452,55643,32443,55412,02302,34734,55644
32441,55074,06006,77624,10617,57546,77752,16447,02403,72556,02445,77776
04555,16516,02316,34714,55421,55450,55451,34375,55655,32445
c33,2041
p415
02356,34675,55713,06006,63545,02401,02724,16734,02401,77746,02726,77676
02732,77776,05253,00003,12064,13433,06006,77624,47244,77776,04555,16602
34675,70077,00006,12077,25421,05447,00056,02316,11421
02131,04555,17012,02316,00006,31657,05231
02116,66065,32121,05070,32121,05074,05213,66453
c33,2121
p416
34714,55050,31514,55051,51423,55430,02427
51421,02133,02417,34374,55412,34712,55547,34714,51422,54037,55502,55506,02321,00004,34711,05130
02153,05112,00006,27412,31412,00006,62163,34701,05130
02153,34675,05042
02170,66065,05213,51421,02172,02417,31412,00006,62177,05112,34715
c33,2177
p417
55547,02321,00006,41503,21507
06006,45345,02511,02505,45044,66214,66276,56325,02507,57212,27112,77634
45541,01051,77776,11421,02302,02427,32447,55412,51423,41427,55452,31675
00006,12244,44706,27651,34706,27647,12250,44706,27651,34706,27653,02417
34714,55404,55405,34672,55450,55441,30032,55413
c33,2260
p418
02453,31512,55051,34714,55050,02427,
05447,00007,44714,05246,04555,16063,05423
c33,2275
p419
43215,15340,27120,77616
00006,23425,34714,55155,55156,55157,04555,16602,04555,17516,03104,01425
00006,23425,02312
00006,43425,02331,00003,30067,00006,62335,05057,00004,51422,40037
55655,00004,51422,30037,61430,00006,12324,51422,30037,51547,55502,04526,51547,55503
c33,2351
p420
51547,23504,00003,01425
54001,12361,55655,34714,50001,54000,24001,11655,12360,00002
c33,2367
p421
