00000
00006
10000
00001
00002
77624
00004
77776
00003
40000
77650
06006
54001
52155
50000
00007
34755
04616
60000
34714
77745
04555
30001
77775
43014
20001
00051
00015
00025
77614
00005
00047
77616
54003
00017
00045
77777
00041
54154
00013
30000
50002
54155
00023
00050
45345
34753
50116
35021
00037
54156
00031
34772
45014
56002
00011
20000
56001
77626
34752
04662
37665
00027
34041
22007
00021
06037
05353
06042
16030
50025
52006
34712
05301
04636
53435
50120
04000
05516
00035
00033
50117
77656
35501
52160
54000
77615
77634
00052
76776
30002
00010
71214
05654
10154
50164
05155
03012
52162
03646
